6.900087626824973086e+03,3.192604759414101968e-17,8.533079948344223139e-37
6.900776302710371965e+03,3.271933730094632167e-17,7.278840417263472715e-37
6.901531518037317255e+03,3.414721180269714534e-17,7.392015920372380708e-37
6.902156389622836286e+03,3.373464386658703257e-17,1.092921768585172257e-36
6.902790216252404207e+03,3.173165681530570324e-17,6.683172526753080619e-37
6.903545431579349497e+03,3.156359268509296288e-17,6.413947476841835495e-37
6.904300646906293878e+03,3.028500721994133206e-17,6.252644459468201641e-37
6.904996479622719562e+03,2.877386829448661471e-17,7.215069910402472135e-37
6.905685202335514077e+03,3.223226420060896113e-17,6.486342002410363275e-37
6.906440417662459367e+03,3.221223766434984009e-17,6.495705291777995752e-37
6.907065347782223398e+03,3.244235870230628062e-17,9.771770580703559482e-37
6.907699115877546319e+03,3.237683426623336075e-17,6.487963602384653389e-37
6.908454331204491609e+03,3.088111161696901428e-17,6.340679956906111055e-37
6.909209546531436899e+03,3.093240560369325148e-17,6.279064359835682686e-37
6.909905332420466948e+03,3.129128200305183049e-17,7.588539574391837337e-37
6.910594101960657099e+03,3.267504149554776112e-17,6.598709020396429434e-37
6.911295193232295787e+03,3.347264590350301273e-17,8.526391594966195775e-37
6.911903432266114578e+03,3.640197532029062924e-17,9.340842690756970312e-37
6.912608015502689341e+03,3.324993555066346475e-17,7.244080585949272865e-37
6.913363230829633721e+03,3.220572246193366200e-17,7.125295132143651297e-37
6.914058977095482987e+03,3.097418963487652955e-17,8.245603098658995579e-37
6.914747786258853921e+03,3.279290081762091936e-17,6.639935894585261820e-37
6.915503001585799211e+03,3.124943796251214287e-17,6.268278350341561983e-37
6.916203635431525981e+03,3.401217832991704715e-17,7.828133889389642102e-37
6.916812836144565154e+03,3.484952097980022723e-17,8.070752933404266349e-37
6.917516915127831453e+03,3.467139675905003101e-17,6.642632471726847096e-37
6.918272130454776743e+03,3.277259786680993755e-17,6.486273237431091063e-37
6.918967829893229464e+03,3.244953397684622228e-17,7.656252524780895194e-37
6.919656685883996943e+03,3.220236241998795649e-17,6.353063942818352082e-37
6.920411901210941323e+03,3.424721732565250528e-17,6.610094793821008527e-37
6.921036997928171331e+03,3.302844232281143824e-17,9.968285420883756541e-37
6.921670599426029185e+03,3.342906759721180084e-17,7.467254853275848581e-37
6.922425814752973565e+03,3.428437299529480679e-17,8.144970618416084637e-37
6.923181030079918855e+03,3.453256365517154005e-17,8.206797699015412332e-37
6.923876682690975940e+03,3.348766409614320246e-17,9.568677583861951005e-37
6.924565585509139055e+03,3.249092540006339896e-17,7.809835723818072802e-37
6.925320800836084345e+03,3.160642132026231938e-17,6.593693560915524524e-37
6.925945956087558443e+03,3.297864930453269920e-17,9.747086525472571970e-37
6.926579499051171297e+03,3.373070525249893540e-17,6.544789203100169929e-37
6.927334714378116587e+03,3.432075140066034374e-17,6.647075004061397616e-37
6.928089929705060968e+03,3.218121527629725306e-17,6.445518929852039695e-37
6.928785535488723326e+03,3.334767138988622287e-17,7.804750815609873623e-37
6.929474485134281167e+03,3.216765677825264135e-17,6.310963436790713710e-37
6.930229700461226457e+03,3.224215605546136132e-17,6.322124012116651757e-37
6.930854914246945555e+03,3.242702724851372239e-17,9.495184729864727942e-37
6.931488398676313409e+03,3.329427116188425756e-17,6.336386370364506222e-37
6.932243614003258699e+03,3.304576185739329112e-17,6.240834826468815183e-37
6.932998829330203989e+03,3.317473046378477723e-17,6.049660400727185087e-37
6.933694388286469803e+03,3.353428009510108879e-17,6.718485881106470203e-37
6.934383384759424189e+03,3.434028810356176002e-17,4.915245864407802198e-37
6.935082259274719036e+03,3.442021656266656493e-17,5.332353658227525216e-37
6.935669426507203752e+03,2.745264708107089163e-17,3.902776936639412793e-37
6.936413565884231502e+03,3.194807324309957929e-17,9.240543872662224972e-37
6.937168605278133327e+03,3.437928064604124121e-17,9.733636130146283077e-37
6.937923644672035152e+03,3.424537844007017240e-17,1.023128658458277603e-36
6.938584425330359409e+03,3.133137887716145696e-17,1.326524241691692492e-36
6.939244910622834141e+03,3.324937003839554935e-17,1.040762237536598183e-36
6.939999950016735966e+03,3.383848204233389710e-17,1.046662504929499746e-36
6.940660682589013049e+03,3.152101287373177295e-17,1.341717515053326832e-36
6.941321321944593365e+03,3.369898845915229177e-17,9.958175906849855232e-37
6.942076361338495190e+03,3.037859142369357072e-17,9.052850197671826254e-37
6.942736753414272243e+03,3.268592370189585507e-17,1.235531964085629575e-36
6.943397627289294178e+03,3.430069256860573166e-17,9.549839286809818032e-37
6.944152666683196003e+03,3.182081114473657682e-17,9.141952676687801228e-37
6.944907706077097828e+03,3.225030512436440933e-17,9.252777672030707473e-37
6.945568897883294994e+03,3.270191880651838307e-17,1.232376044201302449e-36
6.946229078004955227e+03,3.494729695718993193e-17,9.726942734362720834e-37
6.946984117398857052e+03,3.212432719466688980e-17,9.599916342281957100e-37
6.947644050240714023e+03,3.400177866022574731e-17,1.472217805759795047e-36
6.948305383349656040e+03,3.352034520797174522e-17,1.178048090117733341e-36
6.949060422743557865e+03,3.245237890436719155e-17,1.164601803075027736e-36
6.949815462137459690e+03,3.478274991562698058e-17,1.192348543327293370e-36
6.950477113177576939e+03,3.308731837439032111e-17,1.547573432654536649e-36
6.951136834065317089e+03,3.404597339649603694e-17,1.019191830166804263e-36
6.951891873459218914e+03,3.156271404624822638e-17,9.255297650265913599e-37
6.952551347067156712e+03,3.174315110730614197e-17,1.206314919458433457e-36
6.953213139410017902e+03,3.386612316874754268e-17,9.435036064262102292e-37
6.953968178803919727e+03,3.238582209438798762e-17,9.078389600373031763e-37
6.954723218197821552e+03,3.414304765333106515e-17,9.403881197384052763e-37
6.955385328471857974e+03,3.282820702534936763e-17,1.246231147765204270e-36
6.956044590125678951e+03,3.487801219583760622e-17,9.568168645272616151e-37
6.956799629519580776e+03,3.317301633516341186e-17,9.223641530489863276e-37
6.957458643893598492e+03,3.258677878067131007e-17,1.220370333264817095e-36
6.958120895470379764e+03,3.193382083215827379e-17,9.024394611421533777e-37
6.958875934864281589e+03,3.453509110283556271e-17,9.367836029462963993e-37
6.959630974258183414e+03,3.372834577885409125e-17,9.257783256415162621e-37
6.960293543766139919e+03,3.140886514450802365e-17,1.208763330015840754e-36
6.960983794690368995e+03,3.903662140187092214e-17,4.762713258803030861e-37
6.961697011754113191e+03,3.647960645879691238e-17,5.968478392167810119e-37
6.962392296950219134e+03,3.520898893038283289e-17,6.025489399705875726e-37
6.963081567183333391e+03,3.469525725260749370e-17,5.759409578574849578e-37
6.963777767516372478e+03,3.434408639874025818e-17,7.244609358501764014e-37
6.964396289120314577e+03,3.470739953086252832e-17,7.440917268781184551e-37
6.965095480725365633e+03,3.366442074976292538e-17,6.177862471198028777e-37
6.965850696052310923e+03,3.397952091943523261e-17,6.294524620100545691e-37
6.966605911379255303e+03,3.519170981506358959e-17,6.471002491927092669e-37
6.967301149747965610e+03,3.579133167823095352e-17,7.768655989011645551e-37
6.967990466808475503e+03,3.466960547216406191e-17,6.469835942133772750e-37
6.968686209715602672e+03,3.417994277230752400e-17,7.921130623163319280e-37
6.969305692998765153e+03,3.474427923056988964e-17,8.194749188632629195e-37
6.970004380350507745e+03,3.600251759267938738e-17,6.996672073259874000e-37
6.970759595677453035e+03,3.858222043015814535e-17,7.613451846646340669e-37
6.971454794422982559e+03,3.685896225270260629e-17,8.664908126609393065e-37
6.972144151106673235e+03,3.443807962895362705e-17,6.906191829461207516e-37
6.972899366433618525e+03,3.357977798546405048e-17,6.632564345536866196e-37
6.973594651914832866e+03,3.176575690078891317e-17,7.715536565905657782e-37
6.974215096877215728e+03,3.286465419458550745e-17,8.016849534755679634e-37
6.974913279975650767e+03,3.348307259573486422e-17,6.642778875672635826e-37
6.975668495302595147e+03,3.345294923024620456e-17,6.450663737479687687e-37
6.976363647220729035e+03,3.471274303815537543e-17,7.700097733456810168e-37
6.977053050731815347e+03,3.502092874789011066e-17,6.933890975395001293e-37
6.977808266058760637e+03,3.645075371588576491e-17,7.335944564249424632e-37
6.978503094114063060e+03,3.491206049510988138e-17,8.556083198324239904e-37
6.979124500755666304e+03,3.568607050833918085e-17,8.801939761460412961e-37
6.979822179600792879e+03,3.681989330943494059e-17,7.242611323223469316e-37
6.980577394927738169e+03,3.400149407500253322e-17,6.380919432757560180e-37
6.981272500018475512e+03,3.471292885984088520e-17,7.606978201162277581e-37
6.981961950356958369e+03,3.456061749579253099e-17,6.269589485217666551e-37
6.982656391359565532e+03,3.368612944196865704e-17,7.340855518387647455e-37
6.983346453145342821e+03,3.435243669362634423e-17,6.289089116403464929e-37
6.984033904634115970e+03,3.336093932246240454e-17,7.477808396517971664e-37
6.984731079225934991e+03,3.458478142015230659e-17,6.325178518124499491e-37
6.985486294552880281e+03,3.399895832916240432e-17,6.253243480354521816e-37
6.986181352816221988e+03,3.543943003373698663e-17,7.649622880875807141e-37
6.986870849982100481e+03,3.372082025255255189e-17,6.229553500178670714e-37
6.987564833558795726e+03,3.434617198153284754e-17,7.437507139392198945e-37
6.988255352770484933e+03,3.414995217065881830e-17,6.244232537608907662e-37
6.988943308512566546e+03,3.438700318960690068e-17,7.509982035579364511e-37
6.989639978851078013e+03,3.277545123489684402e-17,6.088809525862308265e-37
6.990395194178022393e+03,3.556431551783750294e-17,6.363344280677986890e-37
6.991090205613969374e+03,3.316985374916296933e-17,7.238610007938483869e-37
6.991779749607242593e+03,3.512586580849135966e-17,6.275179767727708490e-37
6.992473275758025920e+03,3.538547160612816413e-17,7.436173088345755795e-37
6.993164252395627955e+03,3.370357209102292943e-17,6.078493206755803685e-37
6.993852712391017121e+03,3.487265717297918090e-17,7.518268632648417572e-37
6.994548878476220125e+03,3.395926278944988935e-17,6.147694781841050959e-37
6.995304093803165415e+03,3.542765826784504653e-17,6.286635279029315280e-37
6.995999058411715851e+03,3.337463161334292819e-17,7.310119484386797149e-37
6.996688649232385615e+03,3.294765539858884771e-17,6.046816944631050358e-37
6.997381717957256114e+03,3.366684504211737138e-17,7.273576000660855105e-37
6.998073152020770067e+03,3.487078698766861525e-17,6.240158323257095361e-37
6.998762116269467697e+03,3.507980591062169631e-17,7.545837504478775278e-37
6.999457778101362237e+03,3.361045830530590327e-17,6.075858975659243151e-37
7.000152703086731890e+03,3.470252156239080826e-17,7.484099046066304389e-37
7.000842333530582437e+03,3.494566217222570335e-17,6.235779075589108034e-37
7.001597548857527727e+03,3.490543187340155170e-17,6.249923258883036204e-37
7.002290160156486309e+03,3.346705372194822822e-17,7.363836088964330308e-37
7.002916227243540561e+03,3.661913605359023067e-17,7.908388410452864475e-37
7.003611462399559969e+03,3.333208718388268217e-17,6.206833647078538721e-37
7.004366677726505259e+03,3.331093929213651238e-17,6.166076755738663146e-37
7.005061555884478366e+03,3.314087363105186486e-17,7.389199206998840711e-37
7.005751233155725458e+03,3.440378600215341708e-17,6.192058053426638959e-37
7.006443457401988780e+03,3.432077754561144238e-17,7.210067482103791062e-37
7.007135735944109911e+03,3.219130819389001255e-17,5.834223413000093840e-37
7.007825631121991137e+03,3.410936664090162318e-17,7.380635137842363356e-37
7.008520362024702081e+03,3.276035056392683228e-17,5.952100216180602169e-37
7.009275577351647371e+03,3.254410057444668929e-17,5.956835628485421209e-37
7.009970408682225752e+03,3.437832254443676635e-17,7.613583005911543275e-37
7.010660132780867571e+03,3.383907446347142736e-17,6.450343177489683494e-37
7.011351899601218975e+03,3.286942125328235564e-17,7.455899550773084775e-37
7.012044635569252023e+03,3.412749470436423821e-17,6.438518825378803337e-37
7.012735035000441712e+03,3.608329985917154321e-17,7.948304631139953110e-37
7.013429261649845103e+03,3.431123050345423797e-17,6.280444040464155896e-37
7.014184476976789483e+03,3.492893907327439912e-17,6.154802751876101220e-37
7.014879261479972229e+03,3.373225332666982789e-17,7.117269286914504105e-37
7.015569032406009683e+03,3.323218172724104117e-17,5.861341771094780703e-37
7.016260341800449169e+03,3.283119389420451554e-17,6.959980168795183937e-37
7.016953535194395045e+03,3.474819640286723077e-17,6.053811738471584266e-37
7.017644438878892288e+03,3.599215327601573007e-17,7.438311383370295752e-37
7.018338161274987215e+03,3.509527892438631197e-17,6.085716606889414292e-37
7.019093376601932505e+03,3.325289829860489060e-17,5.900016883300201550e-37
7.019788114277718705e+03,3.465931079613300704e-17,7.274052585905686062e-37
7.020477932031152704e+03,3.536240613827291617e-17,6.117024035764554487e-37
7.021168783999679363e+03,3.424566000069496236e-17,7.183056402499993737e-37
7.021862434819537157e+03,3.453288860412256673e-17,6.061428944151869448e-37
7.022553842757342863e+03,3.389292250606921070e-17,7.236607604262172080e-37
7.023247060900129327e+03,3.294047513838712567e-17,5.844334582762002923e-37
7.024002276227074617e+03,3.425491760888536540e-17,6.020419986921126446e-37
7.024696967075465182e+03,3.271997717865179969e-17,6.963622536207783777e-37
7.025322081245181835e+03,3.414324589069589610e-17,7.121165114354318309e-37
7.026016119117734888e+03,3.348953521085153165e-17,5.947646418318580498e-37
7.026771334444679269e+03,3.346924027164442484e-17,5.871660908994878249e-37
7.027463246635792530e+03,3.662049384770104686e-17,7.532462907260480805e-37
7.028155960525272349e+03,3.349376423340385857e-17,5.956644157156363895e-37
7.028850611750482130e+03,3.406735099331128102e-17,7.201486214464095474e-37
7.029540515954492548e+03,3.455135282094481623e-17,6.060974752542367889e-37
7.030230523444412029e+03,3.463987479482669400e-17,7.235829467059476208e-37
7.030925018742877000e+03,3.357748960133428620e-17,5.943651258813048655e-37
7.031680234069822291e+03,3.489749044656032221e-17,6.115008240310353044e-37
7.032372650514243105e+03,3.449473473063326743e-17,7.286533748206709020e-37
7.033064860150414461e+03,3.444912364091648800e-17,6.003051086875554305e-37
7.033759464548228607e+03,3.322578732906278429e-17,7.038300129553902556e-37
7.034449415579634660e+03,3.473951390618622526e-17,6.033847967693484962e-37
7.035138965643642223e+03,3.398512198195750421e-17,7.048456489877694089e-37
7.035833918368019113e+03,3.366245767429693358e-17,5.874271037255182196e-37
7.036589133694964403e+03,3.385220755586621818e-17,5.892623125431842659e-37
7.037282054392693681e+03,3.585329641350213773e-17,7.431756783574634170e-37
7.037973759775556573e+03,3.326195058831369419e-17,5.875825628514269147e-37
7.038668317345975083e+03,3.328210381566905151e-17,7.030403991338484361e-37
7.039358315204776773e+03,3.434083003931561251e-17,5.955094044130143450e-37
7.040047407842872417e+03,3.342232031090655404e-17,7.041630972038429787e-37
7.040742817993162134e+03,3.403351277096014780e-17,6.017902427464433480e-37
7.041498033320106515e+03,3.458529728937383716e-17,6.090147683633470578e-37
7.042191458271144256e+03,3.533723930354710164e-17,7.424724135857261950e-37
7.042882659400699595e+03,3.394954568822559047e-17,5.952631285533158349e-37
7.043577170143721560e+03,3.508682021113889848e-17,7.175096307460730130e-37
7.044267214829919794e+03,3.480710017115267048e-17,5.963473338548026364e-37
7.044955850042102611e+03,3.503773714961671672e-17,7.266920053355451756e-37
7.045651717618304247e+03,3.517632732929910462e-17,6.123893456565276220e-37
7.046345569245217121e+03,3.357338217621268596e-17,7.333490445218035212e-37
7.047036343698896417e+03,3.517854399245661134e-17,6.311875568065539525e-37
7.047791559025841707e+03,3.570314757178530686e-17,6.360237011421703580e-37
7.048486022941468036e+03,3.524538136006309913e-17,7.575611407082218489e-37
7.049109147287605083e+03,3.267660735950939105e-17,7.273316500045385659e-37
7.049805401916501978e+03,3.461961506035485796e-17,6.211642609728174708e-37
7.050560617243446359e+03,3.379428505221189467e-17,6.039459674639620000e-37
7.051254973123667696e+03,3.503826124325576029e-17,7.372153723062110934e-37
7.051945243324039438e+03,3.495400433264735819e-17,6.132459727954162038e-37
7.052700458650983819e+03,3.474156103757792758e-17,6.051367020362093008e-37
7.053394875739215422e+03,3.489831601850510536e-17,7.213728589484970056e-37
7.054017589486835277e+03,3.452752792244567541e-17,7.120316417978345507e-37
7.054714301541644090e+03,3.480083330281860107e-17,5.971773041455779831e-37
7.055469516868589380e+03,3.485709316477894637e-17,5.954822211236146471e-37
7.056164377002118272e+03,3.450361140835569447e-17,7.077897953011941909e-37
7.056854142949181551e+03,3.471216612415268621e-17,5.902382897217874325e-37
7.057548520414231461e+03,3.489010341113001762e-17,7.017982183478556276e-37
7.058238698378401750e+03,3.456584533004596382e-17,5.845033619180566380e-37
7.058926031686065471e+03,3.512841252037212284e-17,7.026658428387559311e-37
7.059623201166786203e+03,3.449400219926065379e-17,5.835798568697495224e-37
7.060378416493731493e+03,3.398670801931117659e-17,5.795517576749279715e-37
7.061073780880568847e+03,3.527310743718376350e-17,7.162325944828558630e-37
7.061763042574323663e+03,3.500568484035467615e-17,5.895271989653057879e-37
7.062457373211977938e+03,3.434053737753215108e-17,7.039486305494200159e-37
7.063147598003543862e+03,3.395866705514942933e-17,5.816206095014174817e-37
7.063834473885295665e+03,3.515211036394428590e-17,7.084493292305413033e-37
7.064532100791929224e+03,3.287794364433021240e-17,5.747069150473518125e-37
7.065287316118873605e+03,3.398862956985194583e-17,5.840126692590105786e-37
7.065983184759019423e+03,3.404106012552622286e-17,7.128622594519708214e-37
7.066671942199466685e+03,3.571111339412005359e-17,6.004372568971193881e-37
7.067366226009724414e+03,3.414032226771887325e-17,7.032361913151274510e-37
7.068056497628686884e+03,3.462623949059192456e-17,5.904950233883513542e-37
7.068742916084525859e+03,3.531028552558631148e-17,7.093224153381335802e-37
7.069441000417071336e+03,3.582516940747656720e-17,6.023392860488033755e-37
7.070196215744016627e+03,3.478206008884243369e-17,5.928667911290117262e-37
7.070892588637469089e+03,3.348447980525771531e-17,7.015614998261993623e-37
7.071580841824608797e+03,3.529218833838120174e-17,5.908732042366452850e-37
7.072275078807471800e+03,3.425848446036534069e-17,6.966564581905723411e-37
7.072896213330028331e+03,3.498648310689186527e-17,6.964652002828727102e-37
7.073594684715269068e+03,3.442284398979751246e-17,5.820416700714413530e-37
7.074349900042213449e+03,3.618022298960219449e-17,6.022518951362697487e-37
7.075105115369158739e+03,3.633982348909515496e-17,6.070749725121779037e-37
7.075801992515919665e+03,3.605953802343556736e-17,7.192909778803957605e-37
7.076489741449750909e+03,3.540548276633827426e-17,5.868826650080622194e-37
7.077183931605218277e+03,3.555202786851463207e-17,7.120025388974488229e-37
7.077804655529258525e+03,3.544869153434081799e-17,7.049046156729610548e-37
7.078503584340411180e+03,3.590981916519952962e-17,5.963435547831143914e-37
7.079258799667356470e+03,3.658492508619809335e-17,6.026853348722061817e-37
7.080014014994300851e+03,3.365114326309314552e-17,5.712313174209457071e-37
7.080711396394370240e+03,3.797682218394491385e-17,7.774638779284465456e-37
7.081398641074893931e+03,3.910567844860633944e-17,6.818836265907918460e-37
7.082092784402964753e+03,3.677743152474033786e-17,7.346337526343428384e-37
7.082713097728488719e+03,3.532230307927248647e-17,7.004394096098826358e-37
7.083412483965553292e+03,3.600822439175979771e-17,5.963109037318190540e-37
7.084167699292498583e+03,3.494187390105738065e-17,5.826136604342754007e-37
7.084922914619443873e+03,3.471331130902091770e-17,5.761185825195285817e-37
7.085620800272820816e+03,3.496918110405346392e-17,6.937892697924752259e-37
7.086246429077980792e+03,3.518088787401111440e-17,6.992647021148691822e-37
7.086936880802310952e+03,3.476027615193492235e-17,5.825193624284727003e-37
7.087621539927718914e+03,3.474117836265283004e-17,7.009486151176128655e-37
7.088321383590696314e+03,3.591206414499113446e-17,6.038689374206728609e-37
7.089076598917640695e+03,3.640442230211490368e-17,6.035273844179267981e-37
7.089774911246893680e+03,3.744121311580912479e-17,7.421988265793785849e-37
7.090461224998233774e+03,3.603862063976348673e-17,5.990613492276734223e-37
7.091155281875728178e+03,3.312690185903405172e-17,6.760446208856701789e-37
7.091845780427453974e+03,3.116482518053396524e-17,5.358261887324478929e-37
7.092529982126949108e+03,3.398134119557449384e-17,6.741411756051819708e-37
7.093230283215838426e+03,3.676074809578839998e-17,5.912708797248579457e-37
7.093985498542783716e+03,3.671399353629001116e-17,5.918384906774435409e-37
7.094684315125344256e+03,3.633020133731132608e-17,7.106530892814090773e-37
7.095370124623375887e+03,3.623863453120458873e-17,5.856553114268532377e-37
7.096064134673474655e+03,3.497174545336460967e-17,6.841085302079775878e-37
7.096683279372451580e+03,3.528666779598342047e-17,6.834366823349590638e-37
7.097383967514036158e+03,3.563575553294073183e-17,5.804019635960353388e-37
7.098139182840980538e+03,3.565998915061141070e-17,5.753058504384813609e-37
7.098894398167925829e+03,3.449756176292288388e-17,5.673088271775982691e-37
7.099593719003794831e+03,3.483863766717400541e-17,6.927089817692139780e-37
7.100279024248517999e+03,3.326013035474817749e-17,5.536546899687219635e-37
7.100972987471221131e+03,3.424585347999524942e-17,6.809154592549710927e-37
7.101591721571681774e+03,3.633678798698036726e-17,7.032621647681347399e-37
7.102292867139178270e+03,3.606022290648250692e-17,5.798771391975247889e-37
7.103048082466123560e+03,3.596209705244751954e-17,5.797277488009153445e-37
7.103803297793067941e+03,3.550098909641921136e-17,5.707183074769100341e-37
7.104503122882245407e+03,3.603584479948435694e-17,7.001376982353697576e-37
7.105187923873661020e+03,3.562504491458457935e-17,5.738744249735424674e-37
7.105881840268967608e+03,3.562854454331901953e-17,6.856387849437043107e-37
7.106500163770911968e+03,3.704661103773328841e-17,7.004406546845283433e-37
7.107201766764320382e+03,3.573691838742649577e-17,5.714628841969915290e-37
7.107956982091265672e+03,3.650476846436806585e-17,5.951113526661678730e-37
7.108712197418210962e+03,3.409643865752381036e-17,5.843210974621912857e-37
7.109412526760695982e+03,3.512547806284268269e-17,7.391605944656713772e-37
7.110096823498803133e+03,3.546282270352959982e-17,6.093697539084732863e-37
7.110790693066714084e+03,3.482167081930014418e-17,6.990234595837922965e-37
7.111408605970142162e+03,3.375184356321444623e-17,6.927565390277772575e-37
7.112110666389463404e+03,3.631990172084666602e-17,5.767148484296428649e-37
7.112865881716407785e+03,3.629473862761201220e-17,5.734914781262265538e-37
7.113621097043353075e+03,3.548318287905588572e-17,5.657405479530620094e-37
7.114321930639145648e+03,3.688333641682313162e-17,7.061502751558716265e-37
7.114944337741731033e+03,3.561891758055203299e-17,6.831140659643366514e-37
7.115635063226221064e+03,3.459415189180036743e-17,5.594942885382704039e-37
7.116317048169372356e+03,3.422844797989920482e-17,6.622714439809295467e-37
7.117019566014605516e+03,3.481612350884564606e-17,5.612020282207877332e-37
7.117774781341550806e+03,3.566317394728669060e-17,5.683318720361740460e-37
7.118529996668495187e+03,3.612458590510403005e-17,5.724868814407186149e-37
7.119231334517596224e+03,3.617124335455888907e-17,6.936312095917510232e-37
7.119853190539477509e+03,3.506584451250451242e-17,6.737932542357669245e-37
7.120470345414874828e+03,3.450672421514363317e-17,6.569066542574315192e-37
7.121173250312803248e+03,3.501766677851271660e-17,5.627433284356203306e-37
7.121928465639747628e+03,3.591248921159370287e-17,5.711307129283542470e-37
7.122683680966692918e+03,3.543715246591294180e-17,5.676379931968206747e-37
7.123438896293638209e+03,3.660552633225587295e-17,5.766240837641709642e-37
7.124140738396046800e+03,3.675108234121865183e-17,6.982518139887407215e-37
7.124762043337223986e+03,3.574562896097842063e-17,6.822449613811488947e-37
7.125378787614105022e+03,3.631406956874710962e-17,6.862832736004420187e-37
7.126082149937945360e+03,3.442296680681666493e-17,5.582494996108701459e-37
7.126837365264890650e+03,3.631701022023588844e-17,5.800102072889742647e-37
7.127592580591835031e+03,3.570177881365197828e-17,5.727853824862258321e-37
7.128294849370120573e+03,3.505974493444751339e-17,6.893827784250471548e-37
7.128977206672428110e+03,3.605148548836134621e-17,5.771920138773413788e-37
7.129670896134970462e+03,3.512313025179914541e-17,6.735963609088866908e-37
7.130287229813335216e+03,3.617276003416440727e-17,6.840973550868314737e-37
7.130991049563087472e+03,3.758608210957341161e-17,5.858167061499485063e-37
7.131746264890032762e+03,3.533140608747873326e-17,5.648960355786216987e-37
7.132501480216978052e+03,3.570614062963592932e-17,5.753062548417420985e-37
7.133204253248570240e+03,3.707064310312417732e-17,7.052264811379722510e-37
7.133886106297570223e+03,3.496763612414030394e-17,5.668560428256878243e-37
7.134579748932717848e+03,3.414041450018960435e-17,6.627895186286523407e-37
7.135195672012565410e+03,3.652595561619935672e-17,6.805960537062674467e-37
7.135899949188230494e+03,3.683329261964389353e-17,5.768530265096891149e-37
7.136655164515174874e+03,3.670208303362189465e-17,5.729035083555618173e-37
7.137410379842120165e+03,3.469938496639648068e-17,5.523034578914716929e-37
7.138113657127020815e+03,3.716008079307986325e-17,6.981057161436083621e-37
7.138795005922712335e+03,3.592336866167695490e-17,5.626194253402719359e-37
7.139488601730464325e+03,3.665477399538687434e-17,6.843121094537964246e-37
7.140104114211795604e+03,3.680935112496924459e-17,6.819743206985603952e-37
7.140808848813372606e+03,3.657056599393020816e-17,5.739383612263993301e-37
7.141564064140317896e+03,3.560041207984630451e-17,5.677617512277352177e-37
7.142319279467262277e+03,3.744759783946158150e-17,5.889802699854533178e-37
7.143023061005471391e+03,3.759070118790792728e-17,7.104705813481028672e-37
7.143642246405480364e+03,3.719091514401625437e-17,7.133307709851601559e-37
7.144257411457298076e+03,3.673364951669119326e-17,6.998310130692135333e-37
7.144962533111570337e+03,3.514107678652343133e-17,5.741502721858699127e-37
7.145717748438514718e+03,3.619601947429521348e-17,5.828046539698167706e-37
7.146472963765460008e+03,3.498522092902354183e-17,5.797706873163070670e-37
7.147228179092405298e+03,3.562651918261607554e-17,5.698006413395821806e-37
7.147932464883921966e+03,3.621083386754625145e-17,6.957415454660825620e-37
7.148551099203226840e+03,3.494561273627900896e-17,7.367260544801651075e-37
7.149165853656528270e+03,3.338911225528263128e-17,7.586652113189245969e-37
7.149871432736712450e+03,3.704122546077976985e-17,5.939873009903275478e-37
7.150626648063657740e+03,3.736185489435181900e-17,5.821963600820479480e-37
7.151381863390602120e+03,3.479762617274615698e-17,5.535196960412873178e-37
7.152137078717547411e+03,3.526066725286613205e-17,5.552696608545899111e-37
7.152841868762372542e+03,3.797527280206315178e-17,7.045602542829284409e-37
7.153459952000974226e+03,3.668157618947165050e-17,6.792437867292701974e-37
7.154074295855758464e+03,3.707338335917741980e-17,6.796829949642552953e-37
7.154780332361854562e+03,3.581683581157902560e-17,5.486441134153158260e-37
7.155535547688802581e+03,3.504372923631492978e-17,5.412728131740779029e-37
7.156290763015746961e+03,3.716215567126724949e-17,5.676274326400803140e-37
7.157045978342692251e+03,3.673720885585057389e-17,5.651703363260696254e-37
7.157751272640824027e+03,3.551602583438825256e-17,6.692359624818958001e-37
7.158368804798721612e+03,3.724757836209588577e-17,6.900325227665530789e-37
7.158982738054990477e+03,3.647950616894561390e-17,6.752069459497208249e-37
7.159689231986999403e+03,3.686928132644080839e-17,5.673114061474979132e-37
7.160444447313944693e+03,3.554262535343533819e-17,5.536555771712667173e-37
7.161199662640889983e+03,3.666700843717634121e-17,5.701061502110822746e-37
7.161954877967834364e+03,3.609731987743767558e-17,5.607411032698889122e-37
7.162660676519274602e+03,3.668820278122618996e-17,6.858392448373950995e-37
7.163277657596468998e+03,3.614576576392386959e-17,6.716568772213025255e-37
7.163891180254220671e+03,3.712939527484767813e-17,6.815432345897533031e-37
7.164598131612142424e+03,3.636103495776937219e-17,5.615970207756283355e-37
7.165353346939086805e+03,3.625312844477843244e-17,5.602160658545624937e-37
7.166108562266032095e+03,3.724958873355856858e-17,5.703171564515816865e-37
7.166863777592977385e+03,3.515292918379997183e-17,5.502934247422062440e-37
7.167570080397725178e+03,3.504733972879205714e-17,6.600800592020175818e-37
7.168104942194073374e+03,3.600238335451890349e-17,8.361193507529316907e-37
7.168751815910339246e+03,3.592733231995106356e-17,5.608899874270738466e-37
7.169507031237284536e+03,3.700026275021156065e-17,5.685491076443823479e-37
7.170262246564229827e+03,3.679702304770959754e-17,5.664166432036153916e-37
7.171017461891174207e+03,3.635974449176824860e-17,5.611228838694435944e-37
7.171724191371798042e+03,3.603026616475671203e-17,6.646093294886105120e-37
7.172340155069231514e+03,3.406449033843544571e-17,6.475752441700108172e-37
7.172952919698953338e+03,3.356004123963519551e-17,6.319870399364327543e-37
7.173660715535482268e+03,3.657404875711711556e-17,5.620224649155733226e-37
7.174415930862426649e+03,3.660222340774578102e-17,5.620585969778899136e-37
7.175171146189371939e+03,3.692690969423678442e-17,5.652984975847542116e-37
7.175926361516317229e+03,3.652260573230066219e-17,5.606584847019762294e-37
7.176633595250248618e+03,3.683004285648060139e-17,6.728526716323822935e-37
7.177249007866977990e+03,3.670117106822269747e-17,6.720512993789942146e-37
7.177861361898183532e+03,3.616580369383025152e-17,6.630795193153947371e-37
7.178569615160624380e+03,3.623979484582749418e-17,5.536633450583477289e-37
7.179324830487569670e+03,3.651050321911567525e-17,5.610022136056315686e-37
7.180080045814514051e+03,3.606097021262981971e-17,5.512195225472587000e-37
7.180835261141459341e+03,3.482641237555648565e-17,5.408394223058623988e-37
7.181542999128699194e+03,3.593897511128949306e-17,6.620455038499740616e-37
7.182157860664725376e+03,3.625730059878040392e-17,6.640987087699010408e-37
7.182769804097413726e+03,3.455111708264036624e-17,6.439305660564755975e-37
7.183478514785766492e+03,3.584476060288191783e-17,5.486800957058100948e-37
7.184233730112711783e+03,3.694416831122746373e-17,5.563091612543352129e-37
7.184988945439657073e+03,3.644124157554905217e-17,5.483889853615505436e-37
7.185744160766601453e+03,3.417982615446745488e-17,5.233723081949068182e-37
7.186452403007149769e+03,3.472858784796968319e-17,6.357373409075223225e-37
7.187066713462471853e+03,3.434618661148156534e-17,6.312301335348804554e-37
7.187678246296643920e+03,3.676542302312845842e-17,6.583943876567241346e-37
7.188387414410909514e+03,3.636671668631408500e-17,5.411924786761035941e-37
7.189142629737853895e+03,3.632424093548537096e-17,5.484568388394502877e-37
7.189897845064799185e+03,3.643817918687233561e-17,5.463876688992927165e-37
7.190653060391744475e+03,3.462271188563865296e-17,5.313170797735130481e-37
7.191361806885599435e+03,3.591239177656336164e-17,6.504323510898467229e-37
7.191891170381455595e+03,3.392778593631782575e-17,7.784291945889443576e-37
7.192541098709106336e+03,3.409128392785467496e-17,5.193760253322215961e-37
7.193296314036051626e+03,3.647515253483903802e-17,5.393611548397294842e-37
7.194051529362996916e+03,3.414673791163080012e-17,5.197248988544215461e-37
7.194806744689941297e+03,3.475629256927876801e-17,5.316269500141598554e-37
7.195561960016886587e+03,3.635119370566996986e-17,5.468575235742293144e-37
7.196271210764050011e+03,3.644345731244028963e-17,6.557855980143836329e-37
7.196799439689963037e+03,3.600971836035392715e-17,8.003171529623324568e-37
7.197449998334249358e+03,3.634243307882243252e-17,5.443682069363711132e-37
7.198205213661193739e+03,3.648475562752167139e-17,5.484774142645883628e-37
7.198960428988139029e+03,3.709348894530549533e-17,5.509470356369451700e-37
7.199715644315084319e+03,3.555340015926973860e-17,5.358861353089687048e-37
7.200470859642028699e+03,3.505596389588136256e-17,5.294903888321389175e-37
7.201122942375837738e+03,3.609973156028791954e-17,8.131901586865913867e-37
7.201648427940606780e+03,3.655825381835137975e-17,6.506516555336294191e-37
7.202358897959391470e+03,3.606066474084755502e-17,5.359099786098341013e-37
7.203114113286336760e+03,3.544681903910044541e-17,5.337664861143534569e-37
7.203869328613281141e+03,3.520555010941589178e-17,5.268173395558631376e-37
7.204624543940226431e+03,3.604005768160840033e-17,5.369213192897278669e-37
7.205379759267171721e+03,3.509857937057909681e-17,5.256079312975772918e-37
7.206032413783370430e+03,3.502456000642786546e-17,7.925475453886077546e-37
7.206556870139836974e+03,3.518427001844368589e-17,6.310147258686752481e-37
7.207267797584533582e+03,3.526321609040447698e-17,5.270330693984567846e-37
7.208023012911478872e+03,3.621744262851457309e-17,5.352385046384100213e-37
7.208778228238424163e+03,3.673947181963561826e-17,5.394373550032302923e-37
7.209533443565368543e+03,3.615363726001394120e-17,5.355793999991162681e-37
7.210244129495024026e+03,3.631032026669304383e-17,6.511708394798209313e-37
7.210855769328474707e+03,3.805487043659837908e-17,6.655111360423776934e-37
7.211465312339067168e+03,3.697721642294885502e-17,6.559988410689450753e-37
7.212176697209676604e+03,3.717372962261068285e-17,5.457479135142651953e-37
7.212931912536620985e+03,3.591354526894283280e-17,5.342268357882492389e-37
7.213687127863566275e+03,3.742066013316022408e-17,5.470200929104680933e-37
7.214442343190511565e+03,3.748603612063003972e-17,5.515997892754002013e-37
7.215153533373474602e+03,3.600729751242564846e-17,6.411710691104861571e-37
7.215677398568837816e+03,3.570885479512229805e-17,7.897139227351862499e-37
7.216330381507873426e+03,3.577975157731819199e-17,5.282128135045033449e-37
7.217085596834818716e+03,3.675045074390561888e-17,5.520332296433703168e-37
7.217840812161764006e+03,3.946144330999385125e-17,6.279892560967763182e-37
7.218596027488708387e+03,3.599302213260435760e-17,6.003659088388222785e-37
7.219351242815653677e+03,3.510064558138961880e-17,5.921618837855759936e-37
7.220062937251925177e+03,3.682644827896557335e-17,7.179299585094690506e-37
7.220585667877345259e+03,3.750817932500330808e-17,8.446180617988108616e-37
7.221239281133016448e+03,3.788568464427353301e-17,5.554978920676659903e-37
7.221994496459960828e+03,3.447596377988939207e-17,5.257163406510299182e-37
7.222749711786906119e+03,3.653129500834767066e-17,5.504913756268454023e-37
7.223504927113851409e+03,3.713062325596682685e-17,5.534247393480027408e-37
7.224260142440795789e+03,3.658502454835019567e-17,5.470915711638862401e-37
7.224972341130375753e+03,3.688115278695371013e-17,6.542240857893451548e-37
7.225493937185852701e+03,3.613714992233466128e-17,8.008239044114739751e-37
7.226148180758158560e+03,3.620466336003107351e-17,5.342663263053420988e-37
7.226903396085103850e+03,3.645011513456669456e-17,5.379029900987612832e-37
7.227658611412048231e+03,3.761119822254952512e-17,5.501830603614797613e-37
7.228413826738993521e+03,3.852645509053948691e-17,5.608367157146738636e-37
7.229169042065938811e+03,3.740602193023710240e-17,5.501443066612065170e-37
7.229824467527567322e+03,3.698823574173402348e-17,8.258301803704315850e-37
7.230343936182260222e+03,3.648320717108119029e-17,6.469803244726964709e-37
7.231057080383300672e+03,3.898302332891599436e-17,5.618211127150044105e-37
7.231812295710245962e+03,3.747455827489803105e-17,5.501011813875260401e-37
7.232567511037191252e+03,3.456348760022655467e-17,5.198170984368169307e-37
7.233322726364135633e+03,3.587241748708877539e-17,5.364865915354510028e-37
7.234077941691080923e+03,3.527576753010515812e-17,5.317301619914002550e-37
7.234733938935100014e+03,3.703785285246804296e-17,8.233455332406238286e-37
7.235252378381490416e+03,3.702416027732764276e-17,6.534595451552353441e-37
7.235965980008443694e+03,3.556276815293895067e-17,5.282497534412020227e-37
7.236721195335388074e+03,3.480379807044073427e-17,5.288042592137320254e-37
7.237476410662333365e+03,3.584430227885050189e-17,6.026481087626459553e-37
7.238231625989278655e+03,3.981540887985232898e-17,6.851872650083434066e-37
7.238986841316223035e+03,3.984617877668265991e-17,8.060806938367545711e-37
7.239553252811430866e+03,3.987291362928148515e-17,1.700305712784357720e-36
7.240119664306640516e+03,3.979062171259482717e-17,8.831511095502509730e-37
7.240874879633585806e+03,3.901961174854844356e-17,8.244842101053091512e-37
7.241630094960531096e+03,3.908676135979022949e-17,7.947385071630625257e-37
7.242385310287475477e+03,3.716583881731347545e-17,6.551979218156152046e-37
7.243140525614420767e+03,3.952229203339671190e-17,6.899269162116120235e-37
7.243895740941366057e+03,3.923588082495942664e-17,8.099254446023439268e-37
7.244462152436572978e+03,4.045390312248541605e-17,1.660699798125131407e-36
7.245028563931783538e+03,4.055464669983086211e-17,8.502920871802052770e-37
7.245783779258727918e+03,3.944274554958968448e-17,8.505177635464211900e-37
7.246538994585673208e+03,4.084003899456319468e-17,7.966664965128605313e-37
7.247294209912618498e+03,3.794815738673076403e-17,6.153364157558158698e-37
7.248049425239562879e+03,3.982126486495355142e-17,6.082485638787782034e-37
7.248804640566508169e+03,3.824637902279693651e-17,5.631428239796704968e-37
7.249371052061716000e+03,3.840960622464691163e-17,1.121308735441507205e-36
7.249937463556925650e+03,3.846803569416193339e-17,5.589704988869534412e-37
7.250692678883870940e+03,3.856558505874930998e-17,5.586694357090746405e-37
7.251447894210815321e+03,3.929504876893906790e-17,5.911829936448054867e-37
7.252203109537760611e+03,3.845713805949995859e-17,6.156118427825061470e-37
7.252958324864705901e+03,3.629808999091904437e-17,5.957414022195758725e-37
7.253673471496700586e+03,3.874379677253105066e-17,7.497400973385872738e-37
7.254188434681742365e+03,4.066524485123235447e-17,9.605893337248260040e-37
7.254846363182067762e+03,4.071820200961547345e-17,6.234015605082472047e-37
7.255601578509013052e+03,3.929548596079859817e-17,5.764549718374999137e-37
7.256356793835958342e+03,3.940971955831185204e-17,5.755826053885543751e-37
7.257112009162902723e+03,3.816375543243744042e-17,5.590235299945488767e-37
7.257867224489848013e+03,3.928227416347739848e-17,5.619118498477025244e-37
7.258582875375151161e+03,3.850260048331672671e-17,6.668459258877386296e-37
7.259096703990250717e+03,3.996138161075342989e-17,8.442362161209503413e-37
7.259755262807210784e+03,3.971960570748187092e-17,5.611320059554738332e-37
7.260510478134155164e+03,3.981923587284785798e-17,5.605152251922517749e-37
7.261265693461100454e+03,3.931436229947072738e-17,5.587588646238756301e-37
7.262020908788045745e+03,3.800844672513531401e-17,5.502996173973741761e-37
7.262776124114990125e+03,4.022759605963413623e-17,5.681980609443965610e-37
7.263342535610198865e+03,4.014588347535418522e-17,1.141151684606121468e-36
7.263908947105407606e+03,4.002873551717955151e-17,5.679200953841673412e-37
7.264664162432352896e+03,4.196512764614984082e-17,5.827788872365766589e-37
7.265419377759298186e+03,4.024801859371722534e-17,5.672767862387971812e-37
7.266174593086242567e+03,4.079349280477583683e-17,5.756417853592455712e-37
7.266929808413187857e+03,4.143464553243470171e-17,5.875166685699769557e-37
7.267685023740133147e+03,4.262723798423757061e-17,6.021455142888837719e-37
7.268251435235341887e+03,4.163190796632563904e-17,1.195613118955237835e-36
7.268817846730550627e+03,4.076189973950398385e-17,5.843612611273264983e-37
7.269573062057495008e+03,4.207625313473119170e-17,5.989854890163009406e-37
7.270328277384440298e+03,4.200046772105184234e-17,5.964398325845742261e-37
7.271083492711385588e+03,4.072453428036581377e-17,5.790508298445579620e-37
7.271838708038329969e+03,3.945359203928150306e-17,5.626113692407398692e-37
7.272593923365275259e+03,4.148843873197290845e-17,5.743484855052940367e-37
7.273160334860483999e+03,4.064752314573426063e-17,1.151938030023794188e-36
7.273726746355692740e+03,4.225200009219456824e-17,6.178336004762028978e-37
7.274481961682638030e+03,4.508141184410956486e-17,7.269529469463381895e-37
7.275237177009582410e+03,4.775175820584504500e-17,1.078502288668461955e-36
7.275992392336527701e+03,4.598821380972394793e-17,1.109755116469398853e-36
7.276747607663472991e+03,4.698145811705836218e-17,1.097301544142577278e-36
7.277502822990417371e+03,4.754890684115040075e-17,1.063812921940733016e-36
7.278069234485626112e+03,4.600511531615240657e-17,1.846678434446243616e-36
7.278635645980834852e+03,4.366456228979094201e-17,6.391112596363323948e-37
7.279390861307780142e+03,4.375235250624124332e-17,6.077986950314128248e-37
7.280146076634725432e+03,4.368161230212719761e-17,6.748404107650443401e-37
7.280901291961669813e+03,4.581720374520224891e-17,6.628930777210654862e-37
7.281656507288615103e+03,4.449974324034616818e-17,6.121706008815403256e-37
7.282411722615560393e+03,4.673659619767873778e-17,6.512012455870938358e-37
7.282978134110769133e+03,4.673247277837672016e-17,1.485966761488612855e-36
7.283544545605977873e+03,4.716295343377907563e-17,7.809289488771920680e-37
7.284299760932922254e+03,4.708331657242794985e-17,7.902129317663405733e-37
7.285054976259867544e+03,4.640972700186746907e-17,7.853680139582533173e-37
7.285810191586812834e+03,4.919753578305566261e-17,7.962536852372051129e-37
7.286565406913757215e+03,4.649114708670951765e-17,6.580508852695674339e-37
7.287281823469400479e+03,4.638525263070912910e-17,7.488774100521687511e-37
7.287793929326236139e+03,4.576707062520072156e-17,9.291927449583908576e-37
7.288453445231119986e+03,4.738959713663525017e-17,6.233444274191955099e-37
7.289208660558065276e+03,4.606592316936992811e-17,6.114626305753751328e-37
7.289963875885009656e+03,4.737296256060450055e-17,6.244381717718388820e-37
7.290719091211954947e+03,4.759707864966512192e-17,6.327825029897888257e-37
7.291474306538900237e+03,4.819035416151879873e-17,6.388820373659581952e-37
7.292133059299439083e+03,4.586408012479722799e-17,9.207107390331163178e-37
7.292646538816094107e+03,4.815678202196900478e-17,7.594487364850398981e-37
7.293362344856262098e+03,4.920304533408408213e-17,6.373655297906974405e-37
7.294117560183207388e+03,4.830609048478270812e-17,6.413476001359084169e-37
7.294872775510152678e+03,5.111708795754383600e-17,6.995547692002402980e-37
7.295627990837097059e+03,5.058588613242239057e-17,6.969883244503452294e-37
7.296383206164042349e+03,5.079629669944128782e-17,6.965219724756364540e-37
7.296949617659251089e+03,4.968239703479018021e-17,1.373299830171569346e-36
7.297516029154459829e+03,5.015816661868286628e-17,6.810020966359400119e-37
7.298271244481405120e+03,4.983428385520848048e-17,6.433054243824443838e-37
7.299026459808349500e+03,5.028567039349369538e-17,6.429258709730670352e-37
7.299781675135294790e+03,4.994628616392272736e-17,6.417639928921124801e-37
7.300536890462240081e+03,4.755962318542765405e-17,6.179944856186141595e-37
7.301292105789184461e+03,4.811173542172310107e-17,6.225185468453996689e-37
7.301858517284393201e+03,5.094436167325268671e-17,1.328979493422044668e-36
7.302424928779601942e+03,5.110627416733804795e-17,7.278381835588261498e-37
7.303180144106547232e+03,5.022415325484280453e-17,7.413990694270947622e-37
7.303935359433492522e+03,5.021161137476163058e-17,7.392839035969627218e-37
7.304690574760436903e+03,5.050744154313766642e-17,7.419065687651490015e-37
7.305445790087382193e+03,5.071538846927066377e-17,6.996043408419572771e-37
7.306201005414327483e+03,5.054026116147420167e-17,6.517459547830870159e-37
7.306767416909536223e+03,4.658149407062513720e-17,1.218833087101060584e-36
7.307333828404744963e+03,4.996499118164015234e-17,6.426267828145223709e-37
7.308089043731689344e+03,4.847983807736594000e-17,6.297593970455553421e-37
7.308844259058634634e+03,5.021645459223509533e-17,6.411652608868655215e-37
7.309599474385579924e+03,4.776373202203910439e-17,6.242892152720267050e-37
7.310354689712524305e+03,4.796030974819560544e-17,6.268662758671272218e-37
7.311068889511823727e+03,4.920843429959173913e-17,7.702597189767859157e-37
7.311585983070433031e+03,4.706087566086509599e-17,9.328527744602222282e-37
7.312242728029887076e+03,4.836099202660485891e-17,6.321340853013818406e-37
7.312997943356832366e+03,4.878100555978651914e-17,6.308079151052135046e-37
7.313753158683776746e+03,4.874491309714845925e-17,6.245238770181066348e-37
7.314508374010722036e+03,5.002516198951946003e-17,7.394644611330769171e-37
7.315263589337667327e+03,5.251452647285042660e-17,9.980333939398399580e-37
7.315977331711053921e+03,5.513637546958761638e-17,1.236752660124993264e-36
7.316495454477965723e+03,5.305434175810145257e-17,1.512389134274710079e-36
7.317151627655029188e+03,5.293788384637354899e-17,1.002437519762486064e-36
7.317906842981974478e+03,5.034901923166570409e-17,8.800036402093829445e-37
7.318662058308919768e+03,4.878528815840279678e-17,6.403588221337514043e-37
7.319417273635864149e+03,4.748067410638939082e-17,6.105775856189472652e-37
7.320172488962809439e+03,4.583916134339667488e-17,5.908221723356720501e-37
7.320827556795328746e+03,4.843222239471859822e-17,9.241804722311240880e-37
7.321347669182419850e+03,4.650160717123539313e-17,7.202503557268121627e-37
7.322060527280172209e+03,4.543342478711768702e-17,5.924664591811647178e-37
7.322815742607116590e+03,4.680333341663308346e-17,6.006484130418102955e-37
7.323570957934061880e+03,4.611450257739822663e-17,5.924273182048672806e-37
7.324326173261007170e+03,4.804683556968124816e-17,6.101636425591132149e-37
7.325081388587951551e+03,4.616759705171278201e-17,5.940755689544584618e-37
7.325735826103836189e+03,4.421655344532643545e-17,8.600697447655055326e-37
7.326257073060869516e+03,4.653188893243064189e-17,7.174844206705945638e-37
7.326969426905314322e+03,4.623057933426115385e-17,6.007894715772698029e-37
7.327724642232259612e+03,4.670741998746702270e-17,6.923669635759065611e-37
7.328479857559203992e+03,4.726449664810004308e-17,7.362791668519033581e-37
7.329235072886149283e+03,4.722722945335213514e-17,7.443372358716331720e-37
7.329990288213094573e+03,4.688765767891134110e-17,7.415136986717097408e-37
7.330644095412343631e+03,4.621606196882290299e-17,1.075604414198383341e-36
7.331166476939320091e+03,4.283958182829271509e-17,7.232307612371171781e-37
7.331878326530456434e+03,4.528008407987200797e-17,5.910166264158551274e-37
7.332633541857401724e+03,4.368598952263311402e-17,5.762537852740595459e-37
7.333388757184347014e+03,4.392675593603402968e-17,5.718884954353158089e-37
7.334143972511291395e+03,4.306464385812900967e-17,5.631843679293479096e-37
7.334855955554246975e+03,4.137338771836970365e-17,6.577711722083959178e-37
7.335378036814629922e+03,4.264296727879527626e-17,8.390087246170080660e-37
7.336032010828654165e+03,4.103340161992170501e-17,5.442718327191227742e-37
7.336787226155599456e+03,4.211021397603662940e-17,5.575544409960150081e-37
7.337542441482543836e+03,4.228901148387563096e-17,5.603252430974723117e-37
7.338297656809489126e+03,4.295113235863533050e-17,5.623699575315029860e-37
7.339052872136434416e+03,4.583416593321840107e-17,6.875238988983579424e-37
7.339764397753477169e+03,4.640330352837997754e-17,1.161850203718875155e-36
7.340287508222162614e+03,4.741627219442409230e-17,1.503542760514647091e-36
7.340940910453796278e+03,4.580207656962129572e-17,9.907167129482508331e-37
7.341696125780741568e+03,4.548820270631761872e-17,9.920767486734703298e-37
7.342451341107686858e+03,4.440917174330036659e-17,8.730480458564584771e-37
7.343206556434631239e+03,4.144267344822571723e-17,5.798425478400585950e-37
7.343961771761576529e+03,3.916103567530987192e-17,5.364665033102193458e-37
7.344672839952707363e+03,3.905745126175911492e-17,6.428454468244600059e-37
7.345196979629695306e+03,4.172352565810048331e-17,8.322931700911009249e-37
7.345849810078939299e+03,3.916661936753967657e-17,5.398235869375349455e-37
7.346605025405883680e+03,4.035848225058710475e-17,5.454030785083176209e-37
7.347360240732828970e+03,4.106381683993464463e-17,5.528231665919471057e-37
7.348115456059774260e+03,4.000259341291352102e-17,5.405660944407886979e-37
7.348870671386718641e+03,3.790430040857756922e-17,5.224825169840873076e-37
7.349522054291218410e+03,3.693272277769000847e-17,7.695060104978641093e-37
7.350048799548744682e+03,4.055334426594516547e-17,6.553742030599336580e-37
7.350758709704081411e+03,3.939698140611128168e-17,5.374323515753350973e-37
7.351513925031026702e+03,3.955182387632112382e-17,5.469805068085443494e-37
7.352269140357971082e+03,4.094169884478538656e-17,5.566206871851705073e-37
7.353024355684916372e+03,4.047425404977112476e-17,5.473096541859801069e-37
7.353779571011861663e+03,3.915702246568092477e-17,5.347863463080073519e-37
7.354430323599725853e+03,3.871659622615783164e-17,7.857689427987229582e-37
7.354958203427195258e+03,3.878259105174428507e-17,6.325898465389542889e-37
7.355667609329223524e+03,3.775615811966542447e-17,5.162866070300497783e-37
7.356422824656168814e+03,3.736829846103054564e-17,5.152323640095635310e-37
7.357178039983114104e+03,3.865698718121903638e-17,5.995315300995112898e-37
7.357933255310058485e+03,4.189003579872858254e-17,6.640160741325713637e-37
7.358643021596670224e+03,4.119654935520261873e-17,7.953419079819243737e-37
7.359254017494320578e+03,3.983467233538547512e-17,7.838168942445419530e-37
7.359867607305645834e+03,4.118187475986922387e-17,7.923355224262773352e-37
7.360576508954366545e+03,3.770088109052691439e-17,5.682067168305705233e-37
7.361331724281310926e+03,3.720083134128310496e-17,5.325322578092572297e-37
7.362086939608256216e+03,3.854803543194911018e-17,5.447868758215069220e-37
7.362842154935201506e+03,3.883265537753659905e-17,5.554907453038840849e-37
7.363551463795900418e+03,3.923924784340995900e-17,6.940278563717012969e-37
7.364162870292067055e+03,3.748423140516666303e-17,6.436376238463536414e-37
7.364777011184096409e+03,3.798630494857718526e-17,6.253877190450441363e-37
7.365485408579508658e+03,3.718755492349381927e-17,5.152401072823381318e-37
7.366240623906453948e+03,3.952625123767466009e-17,5.529763842538278121e-37
7.366995839233398328e+03,3.928667929121508917e-17,5.505038968877940729e-37
7.367751054560343619e+03,3.965739494285938485e-17,6.731317485735169126e-37
7.368459905995130612e+03,4.101721161724953092e-17,9.910232659572365083e-37
7.369071723089813531e+03,4.082309245622911691e-17,9.904836058365317431e-37
7.369686415062546075e+03,4.262484991424872892e-17,1.021297376787690548e-36
7.370394308204650770e+03,3.969262092798190655e-17,8.182811872517819223e-37
7.371149523531596060e+03,3.963823449447162118e-17,6.720072637944402015e-37
7.371904738858541350e+03,3.566404252791188556e-17,4.985409408286006561e-37
7.372659954185485731e+03,3.698621353630049153e-17,5.067414399076430703e-37
7.373368348194360806e+03,3.638092541141256834e-17,6.053149516964009380e-37
7.373980575887560917e+03,3.658446495446960929e-17,6.111597593611658365e-37
7.374595818940996651e+03,3.687711564710379271e-17,6.175857332081751067e-37
7.375303207829793791e+03,3.734472136411421553e-17,5.129868122451067771e-37
7.376058423156738172e+03,3.787666724893772703e-17,5.093069422200631900e-37
7.376813638483683462e+03,3.689291667730859021e-17,4.994101540415722449e-37
7.377568853810628752e+03,3.787171696664526715e-17,5.077512714178103665e-37
7.378216551787108074e+03,3.437853107827233012e-17,7.182570354524360414e-37
7.378749929915070425e+03,3.543035441964639757e-17,5.891684972423887345e-37
7.379456892127990614e+03,3.500400389082884976e-17,4.876327072051637709e-37
7.380212107454935904e+03,3.587724526279742421e-17,4.937203913216667175e-37
7.380967322781881194e+03,3.586074295844061770e-17,4.908377751890813798e-37
7.381722538108825574e+03,3.579949249443358431e-17,4.863478863239930551e-37
7.382430087639093472e+03,3.691829670979158082e-17,5.996843901889422112e-37
7.383043073360323433e+03,3.646183131087638542e-17,5.928672105896369107e-37
7.383659333793521000e+03,3.776089937514182933e-17,6.049798072536030411e-37
7.384365791753133635e+03,3.562277811200771874e-17,4.900218776227403701e-37
7.385121007080078016e+03,3.486916051823413244e-17,4.810196815648858548e-37
7.385876222407023306e+03,3.610990540450415228e-17,4.864435467918387186e-37
7.386631437733968596e+03,3.613783925827526041e-17,4.900593626812021821e-37
7.387338529838323666e+03,3.731082904414826156e-17,6.011737751305801400e-37
7.387951926158069909e+03,3.596599615534914848e-17,5.855484568992246171e-37
7.388568737671970666e+03,3.462959474456491639e-17,5.767033154425870894e-37
7.389274691378275747e+03,3.571265868029994895e-17,4.885594924238419558e-37
7.390029906705221038e+03,3.636993302253957741e-17,4.997962206344488422e-37
7.390785122032165418e+03,3.696341079981858669e-17,5.557014539562897876e-37
7.391540337359110708e+03,3.537126973851786725e-17,5.586869846568649385e-37
7.392246972037553860e+03,3.512974003176524782e-17,6.699310734510466579e-37
7.392860778955817295e+03,3.630090371290854606e-17,6.777869537911607810e-37
7.393478141550421242e+03,3.563091102933528080e-17,6.699681727138524761e-37
7.394183591003417860e+03,3.568120599675836200e-17,5.076382378436581850e-37
7.394938806330363150e+03,3.577543693895656609e-17,4.855628243047761434e-37
7.395694021657308440e+03,3.552727216961397111e-17,4.819911475566443185e-37
7.396449236984252821e+03,3.476540586414292810e-17,4.733624287785107909e-37
7.397155414236784054e+03,3.455661459805679388e-17,5.673177845471594098e-37
7.397769631753563772e+03,3.473236041945586888e-17,5.652872734749376329e-37
7.398387545428871817e+03,3.365861469925171426e-17,5.550947772964323857e-37
7.399092490628560881e+03,3.502631978096509914e-17,4.800035021081966395e-37
7.399847705955505262e+03,3.542194089355342159e-17,5.085369356593366851e-37
7.400602921282450552e+03,3.601772121447316362e-17,6.227907598365794630e-37
7.401358136609395842e+03,3.561002582715153193e-17,6.499447151128631413e-37
7.402063856436014248e+03,3.762955343188994900e-17,7.982250288035156155e-37
7.402678484551310248e+03,3.934371500375175317e-17,8.125709045017313728e-37
7.403296949307322393e+03,3.868720700890827318e-17,7.812470643547665785e-37
7.404001390253702994e+03,3.543175828478931178e-17,5.099389470110670726e-37
7.404756605580648284e+03,3.621723637316133233e-17,4.859057663029528913e-37
7.405511820907592664e+03,3.462430993426885810e-17,4.706416476512930961e-37
7.406217153681516720e+03,3.410915791602274524e-17,5.555324721819479761e-37
7.406832129226326288e+03,3.444626603842879764e-17,5.622989194184817677e-37
7.407525663798252936e+03,3.496309604961080025e-17,4.720799744502509690e-37
7.408206353185772969e+03,3.485884512833508383e-17,5.643327779068215750e-37
7.408910289878845106e+03,3.363096805192520930e-17,4.611867832538761495e-37
7.409665505205790396e+03,3.517810981136103581e-17,4.705700682817380368e-37
7.410420720532735686e+03,3.382433062407386212e-17,4.624343337279994216e-37
7.411125595880746914e+03,3.634665351635788878e-17,5.843452916927761698e-37
7.411740982024073674e+03,3.467358648088296495e-17,5.707300438707216896e-37
7.412434563423395048e+03,3.337044141903221627e-17,4.652526595459228193e-37
7.413115757064222635e+03,3.537745293347235362e-17,5.790239292714444669e-37
7.413819189503988127e+03,3.512227699578043577e-17,4.759520181126768345e-37
7.414574404830932508e+03,3.461494213540924716e-17,4.721175852180086052e-37
7.415329620157877798e+03,3.416460439566467362e-17,4.647168439347438431e-37
7.416034038079977108e+03,3.423388873520066107e-17,5.586138769792467754e-37
7.416649834821820150e+03,3.487976756610633849e-17,5.664111754776326892e-37
7.417269868038296408e+03,3.436709312655362839e-17,5.632677412979747599e-37
7.417972873802184949e+03,3.449937729976451586e-17,4.655584541386356698e-37
7.418728089129130240e+03,3.492503048883721139e-17,4.682069800580713315e-37
7.419483304456075530e+03,3.444816560231423526e-17,4.614506558631414656e-37
7.420238519783019910e+03,3.516540914655393758e-17,4.671021250476278725e-37
7.420942480279207302e+03,3.502615851453429566e-17,5.570762161283506034e-37
7.421558687619566626e+03,3.431307744646471024e-17,5.530724368493303224e-37
7.422179271916746984e+03,3.311311813182203489e-17,5.438368260677639085e-37
7.422881773427327971e+03,3.405376311314663177e-17,4.573932915354427387e-37
7.423636988754272352e+03,3.475938342316373803e-17,4.665139671243569280e-37
7.424392204081217642e+03,3.421577201437818943e-17,4.615976037816512339e-37
7.425147419408162932e+03,3.276406895189539849e-17,4.476272406225996062e-37
7.425850922478437496e+03,3.477707621323728613e-17,5.557160322411234053e-37
7.426467540417313103e+03,3.485231641085086862e-17,5.567671086065134858e-37
7.427088675795197560e+03,3.312156292929605086e-17,5.333323678164457777e-37
7.427790673052470083e+03,3.361501644266289685e-17,4.594786101603047163e-37
7.428545888379415373e+03,3.462310972683408086e-17,5.021349133590984735e-37
7.429301103706359754e+03,3.584169210858271016e-17,5.195065790799270798e-37
7.430004219723939968e+03,3.366110086965127548e-17,5.926705991153299432e-37
7.430685606494745116e+03,3.427234455201981120e-17,4.988566457652194802e-37
7.431376393215059579e+03,3.392665675850090592e-17,5.828915133305097051e-37
7.431998079673647226e+03,3.444130104181106986e-17,5.559915975925342153e-37
7.432699572677612196e+03,3.541514299628246931e-17,4.660149445261938105e-37
7.433454788004557486e+03,3.251951842856562942e-17,4.438295125743589349e-37
7.434210003331502776e+03,3.379539655060813632e-17,4.544725380921436710e-37
7.434912661923170162e+03,3.258281817409119188e-17,5.342922276593870785e-37
7.435530037890076528e+03,3.395457551981300120e-17,5.468487467795060826e-37
7.436223846222162138e+03,3.312308065221028033e-17,4.515799831896173870e-37
7.436907483552097801e+03,3.377588931845706138e-17,6.018427785470428107e-37
7.437608472302755217e+03,3.348245295802385170e-17,5.290085185275838453e-37
7.438363687629699598e+03,3.608161637039235608e-17,5.548657878641190280e-37
7.439118902956644888e+03,3.473886245766918140e-17,5.468698140777007632e-37
7.439821104122400357e+03,3.628653945534410971e-17,6.571926551865900883e-37
7.440438890687823005e+03,3.616483563376467308e-17,6.067466829200130340e-37
7.441132745847305159e+03,3.327571804703747673e-17,4.514968664159388795e-37
7.441816887430548377e+03,3.315628192960781449e-17,5.460145923719499660e-37
7.442517371927897329e+03,3.342889571756186036e-17,4.457429802300875027e-37
7.443272587254842620e+03,3.269825150653315433e-17,4.433320439170327651e-37
7.444027802581787000e+03,3.437366196724981164e-17,4.601961112954363173e-37
7.444729546321630551e+03,3.449445138816973364e-17,5.532128592225643442e-37
7.445347743485569481e+03,3.369356038983072662e-17,5.379491834678926920e-37
7.446041645472447271e+03,3.380300713321607427e-17,4.497864066870116971e-37
7.446726291308998952e+03,3.381109174409779750e-17,5.432872170995524880e-37
7.447426271553039442e+03,3.348806564024041040e-17,4.503201670023443309e-37
7.448181486879984732e+03,3.439040160284196275e-17,4.553802308109958348e-37
7.448936702206930022e+03,3.379434114234154304e-17,4.531366338113005859e-37
7.449637988520860745e+03,3.248034622788193545e-17,5.274944949009219890e-37
7.450256596283315957e+03,3.295840498470971330e-17,5.296271964117761958e-37
7.450950545097589384e+03,3.397996262740264478e-17,4.506704292340169555e-37
7.451635695187449528e+03,3.358043045675847412e-17,5.413964302728791857e-37
7.452335171178182463e+03,3.361175429695901127e-17,4.506175656630558798e-37
7.453090386505126844e+03,3.461902436244344127e-17,4.618359328963099673e-37
7.453791285766363217e+03,3.448419483527203595e-17,5.477888059852915723e-37
7.454474889293512206e+03,3.330427253818824603e-17,4.472738574981118641e-37
7.455165449081063343e+03,3.345921684539057886e-17,5.351587064315242305e-37
7.455859444722732405e+03,3.322039386925271050e-17,4.431127832310635775e-37
7.456545099065899194e+03,3.254389746504978443e-17,5.265252668388573410e-37
7.457244070803324576e+03,3.315161824537320833e-17,4.489436925736692105e-37
7.457999286130269866e+03,3.341142945461664827e-17,4.507538104202161461e-37
7.458699727965593411e+03,3.366864746144456233e-17,5.421642959942337768e-37
7.459383788918654318e+03,3.192450572559526417e-17,4.356254352851503301e-37
7.460074301878809820e+03,3.340301288880430069e-17,5.386193107639296698e-37
7.460699210039972968e+03,3.445929541176859283e-17,5.536966443275385694e-37
7.461397755101522307e+03,3.304967504345914127e-17,4.537948509259549810e-37
7.462152970428466688e+03,3.241481516680309292e-17,4.504022659234404664e-37
7.462908185755411978e+03,3.458467788149119396e-17,4.657946982056689213e-37
7.463608170164823605e+03,3.405206111759261067e-17,5.562247499005257283e-37
7.464227946553825859e+03,3.376497130416050655e-17,5.489218351644376615e-37
7.464922028646072249e+03,3.480247903900682573e-17,4.705906888470924735e-37
7.465608613918423544e+03,3.345170633957978510e-17,5.618997764221492978e-37
7.466306654726664419e+03,3.362452483584795897e-17,4.692876683536970585e-37
7.467061870053609709e+03,3.410423708176908705e-17,4.747768934295708409e-37
7.467817085380554090e+03,3.198442787206614917e-17,4.551185103819376862e-37
7.468516612364053799e+03,3.427401654838466345e-17,5.557542932679704617e-37
7.469136799351572336e+03,3.241730664645446294e-17,5.313492285624683717e-37
7.469830928271214361e+03,3.400578375419247328e-17,4.716359649096381401e-37
7.470518017796874119e+03,3.451552673319196856e-17,5.876110690122152279e-37
7.471215554351806531e+03,3.384914936405370752e-17,4.806349682756713432e-37
7.471970769678751822e+03,3.465117551794032535e-17,5.062306630136593214e-37
7.472725985005697112e+03,3.299874589218885662e-17,5.139446888844744488e-37
7.473425054563283993e+03,3.353351840637559246e-17,5.973600711500970880e-37
7.474045652149319722e+03,3.330576295290578199e-17,5.823639973549506259e-37
7.474739827896356474e+03,3.388478559078046775e-17,4.935134556118122506e-37
7.475427421675323785e+03,3.353088974286906185e-17,5.664037685791266025e-37
7.476124453976949553e+03,3.296130163277806818e-17,4.418488921216015540e-37
7.476879669303893934e+03,3.277171138103441298e-17,4.389514812480358116e-37
7.477578351808786465e+03,3.238385912118718722e-17,5.477381359678874020e-37
7.478264172092279296e+03,3.261990575699290211e-17,4.751978081904316409e-37
7.478954504947066198e+03,3.505794567105833109e-17,6.121996530277527577e-37
7.479648727521499495e+03,3.251874898191491242e-17,4.934872132225350400e-37
7.480336825553774361e+03,3.373194323876202241e-17,6.037151844245342758e-37
7.481033353602091665e+03,3.510211889501562258e-17,4.988027803994218984e-37
7.481788568929036956e+03,3.144513094146246659e-17,4.728677537679182130e-37
7.482486794008016659e+03,3.513729252998458147e-17,6.277526094412830524e-37
7.483173071717421408e+03,3.350093598159402731e-17,5.089716282364526359e-37
7.483863357744812674e+03,3.531984859710800479e-17,6.275026455850521370e-37
7.484557627146641607e+03,3.627378793864194427e-17,5.266905131181480534e-37
7.485246229432224936e+03,3.349167118221239748e-17,5.755973718632599745e-37
7.485942253227233778e+03,3.550537485159949007e-17,4.597171547058499718e-37
7.486697468554179068e+03,3.333827508660645562e-17,4.461749014186246806e-37
7.487395236207246853e+03,3.309627790549019880e-17,5.280154446873872960e-37
7.488081971342563520e+03,3.193151107728644310e-17,4.305913947339349391e-37
7.488772210542559151e+03,3.257534799831792127e-17,5.221949110511950440e-37
7.489466526771783720e+03,3.231112671715339676e-17,4.316195694365674433e-37
7.490155633310675512e+03,3.374135198714328069e-17,5.276134704352161380e-37
7.490851152852376799e+03,3.268561099587440272e-17,4.331009661196152329e-37
7.491606368179321180e+03,3.279182057456493994e-17,4.336141186288892207e-37
7.492303678406477047e+03,3.245601228393368335e-17,5.329389766463041151e-37
7.492925855217576100e+03,3.253369900368372792e-17,5.419115721258818668e-37
7.493620211069981451e+03,3.212307329528336087e-17,4.473000955800738075e-37
7.494375426396926741e+03,3.370367123408136258e-17,4.604204396334078513e-37
7.495065037189126087e+03,3.243350795499582275e-17,5.382511010919592657e-37
7.495760052477518911e+03,3.205993830429545198e-17,4.257493569575103829e-37
7.496515267804464202e+03,3.301439661746829895e-17,4.307450569701113978e-37
7.497212120605707241e+03,3.230225836504153819e-17,5.116506705073388527e-37
7.497834708015322576e+03,3.084581787841413523e-17,4.963539171477453157e-37
7.498529110695123563e+03,3.377139705303436251e-17,4.409936812910642551e-37
7.499284326022068853e+03,3.252440412572337290e-17,4.316568592586799743e-37
7.499974441067575754e+03,3.267453779753926435e-17,5.177467289008891810e-37
7.500668952102661024e+03,3.209082075478527704e-17,4.272997818672339625e-37
7.501365417851209713e+03,3.279138347595866025e-17,5.226090402630075222e-37
7.502053454891046385e+03,3.421432833510829745e-17,4.429412527351530852e-37
7.502743560813069053e+03,3.345315229505369585e-17,5.224920194311892704e-37
7.503438010320266585e+03,3.168233562704399664e-17,4.207224731272219442e-37
7.504128552041649527e+03,3.355978384231732777e-17,5.278019720171070260e-37
7.504822636400858755e+03,3.286648451831815045e-17,4.322880086932879829e-37
7.505577851727804045e+03,3.218267848561896659e-17,4.250063315800460370e-37
7.506273860050439907e+03,3.336075583745028202e-17,5.214541535227711334e-37
7.506962354516188498e+03,3.119149120341069850e-17,4.147633275762082647e-37
7.507652413610815529e+03,3.286228049316436531e-17,5.144814353171115299e-37
7.508346909945408697e+03,3.368779878022049764e-17,4.373755435604285216e-37
7.509037955920100103e+03,3.173401849566509707e-17,5.051922866877037721e-37
7.509731536026000867e+03,3.317247395511082090e-17,4.316436242530453061e-37
7.510486751352946158e+03,3.291473523871225512e-17,4.276344511295192763e-37
7.511182302249670101e+03,2.997646106307332407e-17,4.859266508285536251e-37
7.511871254141330610e+03,3.179558080013864664e-17,4.163055703027257913e-37
7.512561266408562005e+03,3.242204067899677181e-17,5.079889993095672235e-37
7.513255809570550809e+03,3.267779679288081634e-17,4.255926987137170787e-37
7.513947359798550679e+03,3.252459963863354931e-17,5.106780597844983469e-37
7.514640435651143889e+03,3.249176852807193800e-17,4.228366877764893979e-37
7.515395650978088270e+03,3.162408634491721138e-17,4.202849052930558892e-37
7.516090744448900296e+03,3.335182665044451849e-17,5.358215007230046989e-37
7.516780153766473632e+03,3.208719583749205449e-17,4.387122644673373380e-37
7.517470119206309391e+03,3.186529183907843382e-17,5.244680131431952245e-37
7.518164709195693831e+03,3.251249138458924633e-17,4.423966292893355420e-37
7.518856763677000345e+03,3.268335312345816722e-17,5.298939514398115138e-37
7.519549335276286001e+03,3.307094848917956205e-17,4.299389327218642688e-37
7.520304550603231291e+03,3.215234690373182907e-17,4.204171756070921732e-37
7.520999186648130490e+03,3.211539213965150237e-17,5.161227211100003007e-37
7.521623763881325431e+03,3.145070751437286113e-17,5.148005475405102279e-37
7.522318393493890653e+03,3.415037576494212911e-17,5.329216431021565145e-37
7.523073608820835943e+03,3.571250378455598201e-17,7.279609202254095942e-37
7.523766167555450920e+03,3.589392816118231727e-17,8.997013275166130380e-37
7.524458234901428114e+03,3.247049915767738408e-17,7.954714686921937053e-37
7.525152483893632962e+03,3.397549743858456817e-17,8.082314850385186205e-37
7.525842737689813475e+03,3.245734173771952175e-17,5.646625495534456887e-37
7.526532616679071907e+03,3.208011085525587073e-17,5.487455860944158565e-37
7.527227293119033675e+03,3.261175924322254114e-17,4.620960340883509890e-37
7.527982508445978056e+03,3.148401708425722484e-17,4.306104747436737986e-37
7.528675571433901496e+03,3.304565225203216456e-17,5.211259927690929065e-37
7.529367134526571135e+03,3.346078739893427072e-17,4.724132439832238047e-37
7.530060926092863156e+03,3.362395508770356593e-17,5.763017994008502843e-37
7.530751637314955587e+03,3.322542856800676608e-17,4.642859745382141625e-37
7.531441469476818384e+03,3.283676755094720462e-17,5.303157873592043135e-37
7.532136192744175787e+03,3.298739942912614481e-17,4.141721068366781226e-37
7.532891408071121077e+03,3.344358975462560585e-17,3.341724632652807089e-37
7.533584975312352071e+03,3.424441361403114242e-17,3.722847050157384613e-37
7.534264785472750191e+03,3.308654689142936376e-17,2.566888724158174564e-37
7.535016681735913153e+03,3.281457878245546812e-17,8.607021246456412003e-37
7.535664192627072225e+03,3.272058973126325140e-17,6.358376635508563316e-37
7.536311835120320211e+03,3.104415073553475214e-17,8.125276765760634486e-37
7.536986198331117521e+03,3.352630393128519663e-17,6.420894449947471896e-37
7.537741607601642500e+03,3.095395247956554394e-17,6.120862177618248910e-37
7.538497016872167478e+03,3.187676966058620042e-17,6.294827935752414748e-37
7.539252426142692457e+03,3.140078374067480433e-17,6.377842298591501789e-37
7.539926499828895430e+03,3.053855152182723889e-17,8.466110599398697290e-37
7.540574352885484586e+03,3.227690945643479483e-17,6.512110720235749987e-37
7.541222337544163565e+03,3.258889376802626550e-17,8.735682884641015425e-37
7.541896358589529882e+03,3.277612632751809548e-17,6.586451540952367010e-37
7.542651767860054861e+03,3.186870778919118083e-17,6.291404090393197134e-37
7.543407177130579839e+03,3.211552812089799975e-17,6.277022557950237078e-37
7.544162586401104818e+03,3.177692428040028811e-17,6.244679664849935325e-37
7.544836317921876798e+03,3.237072990578056801e-17,8.465271621965205497e-37
7.545484513143896947e+03,3.300502144702145816e-17,6.380138763249426416e-37
7.546132839968006010e+03,3.064079191598649730e-17,8.100162612874840786e-37
7.546806518847942243e+03,3.015482382045901103e-17,6.069743803318290941e-37
7.547561928118467222e+03,3.080303149437056315e-17,6.155122452688923980e-37
7.548317337388992200e+03,3.298835113082881256e-17,6.402379789910392948e-37
7.548990779385169844e+03,3.305898444860905404e-17,8.501677163841108357e-37
7.549639264131784330e+03,3.279808453065094419e-17,6.378456947052422845e-37
7.550287880480488639e+03,3.101947390767408398e-17,8.058500387748998564e-37
7.550961269835829626e+03,3.002119595985398779e-17,5.995229580144925957e-37
7.551716679106354604e+03,3.129143341629581936e-17,6.165727076412531694e-37
7.552472088376879583e+03,3.287320100041396359e-17,6.387779549218383643e-37
7.553227497647404562e+03,3.275138133566207905e-17,6.401501526111859270e-37
7.553900597478151212e+03,3.090832026339151050e-17,8.117730554305628660e-37
7.554549424390196691e+03,3.122774418717505070e-17,6.150872739163473237e-37
7.555198382904331083e+03,3.247784726180936513e-17,8.406985292388879163e-37
7.555871430094241987e+03,3.234342169393846866e-17,6.565466487556335073e-37
7.556626839364766965e+03,2.940315731078588710e-17,6.413309345234852176e-37
7.557382248635291944e+03,3.240245757669006344e-17,6.914818914664458876e-37
7.558137657905816923e+03,3.252100752575131648e-17,6.913175526555741791e-37
7.558810415571133490e+03,3.107032812625425934e-17,8.849219461256720410e-37
7.559459584648609052e+03,3.259792833437907246e-17,6.502588006735924109e-37
7.560175120050907026e+03,2.545967900003084536e-17,3.578601589212279440e-37
7.560834375168084989e+03,3.301049270490518716e-17,3.230879179958593573e-37
7.561589590495030279e+03,3.225743017142658046e-17,3.713378755722777130e-37
7.562286105678676904e+03,3.218177781427088198e-17,4.787969960665026612e-37
7.562974216575622449e+03,3.145157485224598089e-17,3.949112709665069579e-37
7.563664876533746792e+03,3.085588955527223012e-17,4.741614156117602229e-37
7.564358719364007811e+03,2.975962561604286802e-17,3.932653720697474708e-37
7.565048230938315101e+03,3.113020077924609074e-17,4.814042199662146838e-37
7.565743274793228011e+03,3.004074973056008753e-17,3.971346775939814477e-37
7.566498490120172391e+03,3.004736297341234955e-17,4.063318142312790661e-37
7.567195509557127480e+03,3.011738440409325123e-17,4.864331977796059163e-37
7.567883116200765471e+03,3.103346932830836445e-17,4.156100383870510986e-37
7.568573318732976986e+03,3.199824545936919662e-17,5.028957012059135855e-37
7.569267618989149923e+03,3.016270764165234996e-17,4.029792504951660876e-37
7.569957083736061577e+03,3.134244535834892094e-17,5.314200074915398138e-37
7.570652174418370123e+03,3.258622709091019877e-17,5.438153225634000992e-37
7.571407389745315413e+03,3.172183728110229960e-17,5.384378483356291048e-37
7.572104913435578055e+03,3.154288198365338287e-17,6.578651505047390140e-37
7.572726615978479458e+03,3.062818926506639389e-17,6.547514051762092601e-37
7.573421303287347655e+03,3.055264861614715007e-17,4.940145628570037014e-37
7.574176518614292036e+03,3.066326390322833566e-17,4.178754740157162551e-37
7.574865936533808053e+03,3.115466833343324967e-17,4.981322155956066903e-37
7.575561074043512235e+03,3.047265802138085930e-17,4.068174762508113322e-37
7.576316289370457525e+03,2.983565442143019699e-17,3.942587125142872034e-37
7.577014317314028631e+03,3.005065559549995651e-17,4.709332104926215107e-37
7.577635058177709652e+03,3.074536082863700155e-17,4.748990501650091769e-37
7.578330202912489767e+03,3.103145893374271907e-17,3.983320217939056895e-37
7.579019581208825002e+03,3.021331964141654743e-17,4.736380395681378640e-37