7.701094909549057775e+03,1.520373112516398124e-18,3.058479276078845405e-38
7.702231711358130269e+03,1.551760916066570435e-18,3.132920507097434971e-38
7.703368513167202764e+03,1.644799463416834709e-18,3.136410813686918542e-38
7.704505314976275258e+03,1.474834150246426636e-18,3.160414280959962393e-38
7.705831583753526502e+03,1.373915632199658597e-18,2.257992597325806356e-38
7.707157852530777745e+03,1.419137894008186125e-18,2.836815573601971202e-38
7.708294654339850240e+03,1.431819014851305836e-18,3.052648321564538472e-38
7.709520523866936855e+03,1.494377028122825191e-18,1.344175668391465900e-38
7.710556826856285625e+03,1.529788137040816713e-18,8.504522094972831746e-39
7.711793978130743199e+03,1.257303990310712140e-18,2.844638577075314914e-38
7.713019573841542297e+03,1.299124346004533743e-18,1.421594147054937248e-38
7.714345668372065120e+03,1.841799305554413824e-18,1.107771758543221324e-38
7.715408969614208218e+03,1.455569235527958012e-18,1.806255998578139454e-38
7.716540740962625023e+03,1.500753194908774172e-18,1.615360187933736115e-38
7.717828937121033960e+03,1.671510635749574843e-18,3.037267155042906429e-38
7.718892278191000514e+03,1.510864897226955453e-18,1.389233911766523402e-38
7.720218372721523338e+03,1.679173472547623284e-18,8.505116192316586220e-39
7.721544467252046161e+03,1.621422773507829414e-18,1.055675454657299418e-38
7.722681119706780009e+03,1.594604042625335714e-18,1.489689344832691255e-38
7.723817772161513858e+03,1.492191104672703398e-18,1.597132350840761137e-38
7.724954424616247707e+03,1.659320242281999488e-18,1.607479348074973675e-38
7.726091077070981555e+03,1.420747256363720819e-18,1.050772803699272976e-38
7.727417171601504378e+03,1.518285388723788571e-18,7.244557756932866607e-39
7.728743266132027202e+03,1.518863710192990226e-18,7.469943451911991334e-39
7.729879918586761050e+03,1.520451583956306507e-18,7.507294424775012005e-39
7.731016571041494899e+03,1.683511790992539853e-18,6.836625244195874379e-39
7.732153223496228748e+03,1.504103817551090744e-18,7.979214216547125032e-39
7.733289875950962596e+03,1.424774611065798229e-18,9.156706412097387206e-39
7.734615970481485419e+03,1.525488629316995907e-18,5.722903160081034830e-39
7.735942065012008243e+03,1.557781428159317591e-18,6.879176111002344614e-39
7.737078717466742091e+03,1.578060946346863399e-18,7.731364213119226349e-39
7.738215369921475940e+03,1.466440723861677938e-18,6.724166930600362317e-39
7.739352022376209788e+03,1.751182397522813067e-18,9.470434082112770550e-39
7.740488674830943637e+03,1.464864866253012069e-18,8.781069933740675930e-39
7.741814769361466460e+03,1.624061318459075118e-18,6.221699447718131544e-39
7.743140863891989284e+03,1.476141620039376354e-18,9.008603965426919413e-39
7.744277516346723132e+03,1.492825278609807443e-18,8.986119796161906604e-39
7.745414168801456981e+03,1.477629597993306389e-18,9.050408354978172558e-39
7.746550821256190829e+03,1.207088789110969311e-18,6.916188614689506591e-39
7.747687473710924678e+03,1.590004430462351793e-18,9.392228171185800822e-39
7.749013568241447501e+03,1.594860846451695955e-18,1.246144344002219998e-38
7.750339662771970325e+03,1.561408126064931127e-18,1.892139113245137029e-38
7.751403909924924847e+03,1.783240362957573753e-18,2.539076802977655182e-38
7.752612967681438022e+03,1.570723056727452603e-18,9.214595114544991600e-39
7.753749620136171870e+03,1.716954348913643793e-18,8.437406353301206896e-39
7.754886272590905719e+03,1.646523036171036080e-18,1.159889787212467552e-38
7.756212367121428542e+03,1.660894729414579749e-18,5.222307385484425110e-39
7.757538461651951366e+03,1.717954101295202887e-18,7.173160796393742188e-39
7.758675114106685214e+03,1.375376540675016742e-18,1.368200036021006908e-38
7.759811766561419063e+03,1.267974755817022870e-18,1.071226796323415109e-38
7.760948419016152911e+03,1.466200900953009272e-18,1.520513513010655998e-38
7.762190709599724869e+03,1.708979563525486222e-18,7.953275169145633953e-39
7.763494969948360449e+03,1.484128270172964983e-18,8.032740228993031675e-39
7.764737260531932407e+03,1.461539811223788686e-18,7.752637472056294265e-39
7.765873912986666255e+03,1.515224018656358444e-18,7.863416783045137618e-39
7.767010565441400104e+03,1.531468483731269808e-18,1.157103764461714481e-38
7.768147217896133952e+03,1.449944488356174921e-18,7.085573601368131070e-39
7.769389373349590642e+03,1.515805924525137794e-18,6.751660570971973162e-39
7.770693903958456758e+03,1.465211096143584675e-18,9.231591301090594983e-39
7.771936059411913448e+03,1.443528482272440033e-18,1.091836947751643017e-38
7.773072711866647296e+03,1.551710731610636510e-18,1.306030871015174909e-38
7.774209364321381145e+03,1.304785893387617911e-18,1.282751842519524117e-38
7.775346016776114993e+03,1.618274706921392663e-18,9.380693166262687005e-39
7.776588037099455505e+03,1.496774998059381253e-18,5.649938725331455782e-39
7.777892837968553977e+03,1.603416576668585869e-18,6.506018302824611965e-39
7.779134858291894489e+03,1.562172688644187086e-18,1.235457392828396491e-38
7.780271510746628337e+03,1.494669292994882260e-18,1.026002538574642529e-38
7.781408163201362186e+03,1.807472532857024438e-18,1.134374412101097427e-38
7.782439637067094736e+03,1.600759191857952463e-18,1.264197557670527785e-38
7.783849845730066590e+03,1.524498852158427744e-18,1.030752938731926433e-38
7.785175766013860994e+03,1.484433638167600678e-18,1.502002852051900957e-38
7.786312269114256196e+03,1.771725655649333863e-18,1.362849667808494410e-38
7.787448772214651399e+03,1.598183530822653956e-18,1.059176339262195705e-38
7.788585275315046601e+03,1.606116983782274003e-18,9.027953625610766568e-39
7.789721778415441804e+03,1.543135905020860285e-18,1.833493010524980993e-38
7.791047698699236207e+03,1.473596456020897429e-18,7.875244599697511318e-39
7.792373618983030610e+03,1.754496241082971404e-18,2.341451821072795654e-38
7.793510122083425813e+03,1.831668742110041920e-18,1.485711107317184431e-38
7.794646625183821016e+03,2.157815588628643583e-18,3.304000940208507229e-38
7.795783128284216218e+03,1.680830952784497008e-18,1.210990230658863941e-38
7.796919631384611421e+03,1.569094981606889020e-18,1.318657002008156444e-38
7.798245551668405824e+03,1.583591557673442538e-18,6.542587820797250804e-39
7.799571471952200227e+03,1.528944077772660445e-18,9.819168559981088980e-39
7.800707975052595430e+03,1.488480670308257905e-18,1.215853282655234213e-38
7.801844478152990632e+03,1.647574050620485705e-18,9.999432373161911400e-39
7.802980981253385835e+03,1.641282121171662211e-18,1.226885124818316039e-38
7.804117484353781037e+03,1.496522495693032161e-18,1.237758333079460740e-38
7.805443404637575441e+03,1.617577747868884797e-18,8.754125021494051904e-39
7.806769324921369844e+03,1.430056359301734544e-18,1.260753250421436272e-38
7.807917940916791849e+03,1.483426673581328472e-18,2.384783695970429492e-38
7.809061831237673687e+03,1.085400242767245871e-18,1.592767058209488003e-38
7.810274240608811851e+03,1.430252402734614504e-18,1.054428801438520891e-38
7.811340011176020198e+03,1.492300031699536489e-18,9.840294870348328915e-39
7.812581355848780731e+03,1.488700103380668273e-18,6.143641838171106836e-39
7.813887508019039160e+03,1.391212293961889116e-18,9.310745266955303120e-39
7.815128852691799693e+03,1.606503674323654676e-18,1.005325294433011811e-38
7.816265505146533542e+03,1.598761818733057117e-18,7.671285356910583557e-39
7.817402157601267390e+03,1.570487709338728410e-18,6.251559256750018661e-39
7.818538810056001239e+03,1.538313526650182609e-18,7.097670712004233311e-39
7.819738601571868458e+03,1.999488540798476489e-18,1.581623944105429663e-38
7.821086442029135469e+03,1.402434354750996666e-18,1.154454117824751152e-38
7.822138209495991759e+03,1.551236310097657934e-18,3.789167310220672253e-38
7.823464304026514583e+03,1.628719592893438098e-18,1.136840056513839552e-38
7.824600956481248431e+03,1.406667579582429244e-18,1.048443554871159891e-38
7.825737608935982280e+03,1.718534328536810012e-18,8.716607648349513992e-39
7.826978683348511368e+03,1.683466836491256414e-18,6.070552061138507852e-39
7.828285376039232688e+03,1.708484309329936310e-18,7.892417775180064395e-39
7.829526450451761775e+03,1.664498576358046548e-18,7.293945888622395287e-39
7.830663102906495624e+03,1.349508486218668659e-18,7.862883647892219415e-39
7.831799755361229472e+03,1.491114296457696849e-18,7.941151052785226234e-39
7.832936407815963321e+03,1.408418618087312336e-18,8.371071763004304879e-39
7.834177347098376231e+03,1.523372833963835186e-18,7.478785336977712250e-39
7.835484310049329906e+03,1.500324624436944884e-18,8.511817748310985523e-39
7.836725249331742816e+03,1.621098585226040573e-18,8.097530994844005961e-39
7.837861901786476665e+03,1.570278327807836361e-18,8.544747907551181512e-39
7.838998554241210513e+03,1.499063964535117336e-18,7.135429887630427140e-39
7.840135206695944362e+03,1.487755029910857324e-18,1.161643154248562926e-38
7.841376010848241094e+03,1.570890533622302444e-18,1.177724189890975700e-38
7.842683244059427125e+03,1.563318663026777385e-18,8.984785926219750024e-39
7.843924048211723857e+03,1.564271212785637407e-18,7.457478194426687023e-39
7.845060700666457706e+03,1.362287208174768262e-18,9.123886944994349510e-39
7.846197353121191554e+03,1.439619609065458533e-18,7.466582480580549957e-39
7.847334005575925403e+03,1.360747869542662509e-18,7.617455731808476227e-39
7.848574674598106867e+03,1.619386350302818422e-18,7.714028483828266595e-39
7.849882178069523434e+03,1.424893638913790417e-18,9.866980137520173033e-39
7.851122847091704898e+03,2.199569189059684466e-18,9.387898451651941073e-39
7.852179816259369545e+03,1.526304666324640850e-18,2.988290014308851673e-38
7.853396152001172595e+03,1.769345740391754969e-18,1.840776450453510997e-38
7.854532804455906444e+03,1.546813178519206033e-18,2.002580122530866083e-38
7.855773338347971730e+03,1.722783264456292748e-18,5.622416005046358324e-39
7.857081112079620652e+03,1.470970349472456611e-18,6.638216385676740301e-39
7.858321645971685939e+03,1.488119346297287469e-18,1.103519196088127880e-38
7.859458298426419788e+03,1.138560257732982746e-18,1.702386851598347746e-38
7.860594950881153636e+03,1.508439554476027389e-18,1.351182801702300201e-38
7.861731603335887485e+03,1.366791639425040568e-18,1.488622125074568431e-38
7.862972002097836594e+03,1.462871506202139974e-18,5.794631759811225239e-39
7.864280046089717871e+03,1.732699901846904613e-18,7.529268613623167997e-39
7.865520444851666980e+03,1.850909841615780412e-18,9.999650539589492058e-39
7.866657097306400829e+03,1.389861064864022823e-18,1.226266088975900221e-38
7.867793749761134677e+03,1.553210636335578723e-18,8.514298227055935203e-39
7.868930402215868526e+03,1.631607103316640422e-18,9.244195912047357577e-39
7.870170665847702367e+03,1.768400509280540552e-18,1.051677040094671576e-38
7.871478980099814180e+03,1.503704107321562064e-18,1.333725157783082518e-38
7.872719243731648021e+03,1.687770560972099695e-18,1.163086678381626744e-38
7.873855896186381869e+03,1.536258656476102512e-18,9.194497417581567075e-39
7.874992548641115718e+03,1.618586502034075961e-18,6.612775656568047980e-39
7.876129201095849567e+03,1.570110670873012406e-18,6.716337041222490336e-39
7.877369329597567230e+03,1.446882578683895277e-18,6.898717162610644643e-39
7.878677914109911399e+03,1.536641227339528363e-18,7.488692987594837750e-39
7.879911305631995674e+03,1.825480992739294632e-18,1.203497014760247683e-38
7.881054695066362910e+03,1.756280718824246884e-18,1.096615125992087899e-38
7.882191347521096759e+03,1.675174066585413947e-18,1.341294030865866039e-38
7.883327999975830608e+03,1.789076656959316785e-18,8.441235116261398426e-39
7.884567993347432093e+03,1.506227226905945343e-18,6.573966083504130794e-39
7.885876848120008617e+03,1.740424172984101955e-18,5.945038290399242259e-39
7.887116841491610103e+03,1.719053650721607607e-18,1.074054899325112313e-38
7.888184683105648219e+03,1.717666805118573083e-18,1.837684052503779459e-38
7.889390146401077800e+03,1.511455406406327797e-18,1.453839047988217288e-38
7.890526798855811649e+03,1.617266389931988409e-18,1.479384512623505210e-38
7.891766657097296957e+03,1.805006530559174866e-18,8.262886613055980929e-39
7.893075782130105836e+03,1.517062948465491959e-18,7.558215873635523328e-39
7.894315640371591144e+03,1.512926148876361740e-18,1.039188839712410231e-38
7.895452292826324992e+03,1.539732293369554994e-18,8.819029594285604598e-39
7.896588945281058841e+03,1.728633392336294479e-18,7.929537356799256950e-39
7.897725597735792689e+03,1.580644960140174906e-18,9.102487241627771207e-39
7.898965320847162729e+03,1.510998620178034164e-18,7.725805468891493885e-39
7.900274716140202145e+03,1.679809549880605352e-18,8.293390219246441534e-39
7.901514439251572185e+03,1.546038384441510674e-18,8.468797224963347586e-39
7.902651091706306033e+03,1.554283872869924619e-18,8.455370043606539492e-39
7.903787744161039882e+03,1.534848032629893571e-18,8.167041130253708980e-39
7.904924396615773730e+03,1.555479128764302017e-18,8.409870351154347218e-39
7.906163984597027593e+03,1.730672757953305256e-18,7.610973730997821139e-39
7.907473650150299363e+03,1.721461906915951532e-18,6.449030767398747608e-39
7.908713238131553226e+03,1.618723444168117319e-18,7.596492462789267115e-39
7.909849890586287074e+03,1.745468318407485268e-18,6.847026340336061388e-39
7.910986543041020923e+03,1.556502028268021788e-18,9.339620619634718522e-39
7.912009503709450655e+03,1.675447540348068513e-18,2.187146943860129361e-38
7.913362648346892456e+03,1.926809409300934676e-18,1.735360052953733924e-38
7.914555697128475003e+03,1.468272793428635113e-18,2.096459864833465787e-38
7.915912037011534267e+03,1.870944137051770892e-18,7.832730647942821290e-39
7.917048689466268115e+03,1.589853757156008565e-18,9.155622135782096176e-39
7.918185341921001964e+03,1.689789318111994587e-18,8.150530533133337812e-39
7.919321994375735812e+03,1.700618591013158168e-18,8.902004209238016926e-39
7.920561312096758229e+03,1.576661724801743365e-18,1.083965701451363947e-38
7.921871518170492891e+03,1.378099287820800755e-18,1.475239502059059925e-38
7.923110835891515308e+03,1.831900874733767158e-18,9.692576083390606383e-39
7.924247488346249156e+03,1.747794686749871710e-18,9.106782838931678851e-39
7.925384140800983005e+03,1.722938717637119501e-18,9.034701507007075940e-39
7.926520793255716853e+03,1.419295523616787116e-18,6.688030136753599440e-39
7.927759975846623092e+03,1.535993468854771372e-18,6.184691299948665894e-39
7.929070452180590109e+03,1.652110280091427657e-18,8.596019679020312407e-39
7.930309634771496349e+03,1.290770545376526361e-18,1.079764826914326072e-38
7.931446287226230197e+03,1.416633913121457171e-18,2.283215866979729559e-38
7.932582939680964046e+03,1.513995585121584035e-18,1.217592638331564541e-38
7.933719592135697894e+03,1.580019400068455402e-18,7.464862634915838395e-39
7.934958639596487956e+03,1.539848477789568920e-18,6.481952122620518606e-39
7.936269386190687328e+03,1.713518850955246515e-18,7.757012279427372097e-39
7.937508433651477390e+03,1.611981862413254100e-18,8.135398752986086251e-39
7.938645086106211238e+03,1.546718449750154335e-18,8.479398127355614775e-39
7.939781738560945087e+03,1.472535624614614295e-18,9.033885873618002748e-39
7.940918391015678935e+03,1.606165427734176433e-18,1.080668558305053818e-38
7.942157303346352819e+03,1.792940368050055345e-18,8.254909669109727843e-39
7.943468320200784547e+03,1.543766957408779723e-18,7.540050059166190240e-39
7.944707232531458430e+03,1.711270597158700475e-18,9.334579216142318991e-39
7.945843884986192279e+03,1.651103439999150423e-18,9.233876701161439625e-39
7.946980537440926128e+03,1.714178838390456449e-18,7.034155523365356812e-39
7.948117189895659976e+03,1.878080399241201997e-18,7.199651287162040397e-39
7.949365855301718511e+03,1.394678343426879713e-18,9.183629005749247378e-39
7.950667254210880856e+03,1.899155224598217553e-18,8.651937908324832947e-39
7.951906031411439471e+03,1.608584971518274527e-18,7.917554595105017853e-39
7.953042683866173320e+03,1.511326522063427796e-18,7.279032213528464237e-39
7.954179336320907169e+03,1.664586626572752686e-18,7.901958200602686540e-39
7.955315988775641017e+03,1.541738455095499796e-18,6.116931527944575384e-39
7.956554630846083455e+03,1.599627982545950527e-18,5.985935836353915165e-39
7.957866188220978074e+03,1.764574509764374262e-18,6.878438162893393498e-39
7.959104830291420512e+03,1.786933901428811638e-18,7.573236860845830964e-39
7.960241482746154361e+03,1.554059112912651623e-18,8.214761248040345854e-39
7.961378135200888210e+03,1.621949638760456350e-18,8.765696107477669661e-39
7.962514787655622058e+03,2.016670734533270165e-18,7.826181825359679907e-39
7.963840857293755107e+03,1.660153146417092863e-18,3.384402383927922742e-38
7.965065122231075293e+03,1.372213380160238783e-18,1.334750021012675331e-38
7.966493071247190528e+03,1.814318414529077448e-18,1.425936320192492324e-38
7.967440281626135402e+03,1.567449321269419568e-18,6.711311241159213012e-39
7.968576934080869250e+03,1.595756951946958787e-18,6.982336803856183723e-39
7.969815327227413945e+03,1.442634693657364863e-18,6.367965918425033238e-39
7.971039656173736148e+03,1.566740605228749777e-18,8.376628240875583191e-39
7.972264056241171602e+03,1.611786899207575861e-18,7.260688910462522043e-39
7.973502428051382594e+03,1.640082268334537257e-18,7.751654296906686535e-39
7.974639080506116443e+03,1.620859491680115252e-18,6.723706710333904967e-39
7.975775732960850291e+03,1.594504661726435683e-18,8.110965863608963605e-39
7.977013990977278809e+03,1.641943873336729402e-18,6.259433251382929629e-39
7.978238455053717189e+03,1.877754916628286662e-18,1.244048157855830211e-38
7.979462990251268820e+03,1.658819494796600380e-18,8.145934211104764667e-39
7.980701226931363635e+03,1.470515222692131913e-18,9.817116134922107843e-39
7.981837879386097484e+03,1.647885394756172349e-18,9.141580871262955177e-39
7.982974531840831332e+03,1.692419901380332457e-18,9.672942886554466923e-39
7.984212654727144582e+03,1.720834573766086878e-18,5.442102567573767308e-39
7.985437253933698230e+03,1.614314635856638444e-18,8.009344605942214842e-39
7.986661924261366039e+03,1.582666882840779599e-18,5.539480223274652919e-39
7.987900025811344676e+03,1.740820802910693466e-18,8.243397920141454758e-39
7.989036678266078525e+03,1.631387009318487844e-18,7.957200899793424780e-39
7.990173330720812373e+03,1.470332686095762989e-18,9.815791615646908443e-39
7.991411318477009445e+03,1.666110288448206477e-18,8.401583377191849159e-39
7.992683630445897506e+03,1.401813069043787065e-18,2.706451059516028204e-38
7.993860858271463258e+03,1.700476854482939696e-18,9.583091990366130147e-39
7.995184355458915888e+03,1.895753837628912486e-18,1.699566969076635027e-38
7.996235477146059566e+03,1.616975844705621152e-18,6.747138958718698490e-39
7.997372129600793414e+03,1.745165751602670238e-18,8.545265648939788551e-39
7.998609982226874308e+03,1.691817628721011619e-18,6.571695214931332415e-39
7.999834851693660312e+03,1.584475106261069431e-18,6.312118202655444711e-39
8.001059792281559567e+03,1.682255799973554617e-18,6.407978617293049160e-39
8.002297623571306758e+03,1.734623294057871746e-18,6.232930407348459236e-39
8.003434276026040607e+03,1.900164740011506368e-18,6.139637360639186209e-39
8.004570928480774455e+03,1.731108346536360812e-18,6.508339411745746038e-39
8.005808645976739172e+03,1.611061858519324976e-18,5.414537389693490658e-39
8.007033650573641353e+03,1.772277134579593643e-18,8.057552125319446861e-39
8.008258726291656785e+03,1.683991540709094949e-18,5.514092268401494298e-39
8.009496422451287799e+03,1.615023482754653359e-18,5.921454510642980738e-39
8.010633074906021648e+03,1.745698476200820917e-18,6.012805181753824214e-39
8.011769727360755496e+03,1.722959813781889026e-18,7.258855985844241659e-39
8.013007309726604944e+03,1.538643018149619095e-18,1.089884954710346864e-38
8.014232449453622394e+03,1.616746283639948889e-18,1.132997736992379034e-38
8.015457660301754004e+03,1.498572831357872999e-18,8.455970534064837362e-39
8.016695221331268840e+03,1.700198944913501829e-18,9.495413386285416102e-39
8.017831873786002689e+03,1.738758151871649034e-18,9.244489552629161645e-39
8.018968526240736537e+03,1.728790233801085612e-18,6.359300872762371777e-39
8.020205973476469808e+03,1.771814323174586631e-18,5.162383390060723270e-39
8.021431248333603435e+03,1.686217684162265053e-18,7.231031113386742205e-39
8.022656594311850313e+03,1.567091495016367219e-18,6.954150380045757697e-39
8.023894020211249881e+03,1.981127019526502684e-18,1.068367686784699630e-38
8.025030672665983730e+03,1.868565247062380053e-18,1.115104157073790201e-38
8.026156744756102853e+03,2.037288403744245987e-18,1.367341110027810565e-38
8.027475727627973356e+03,1.732855985899905136e-18,1.077732987615613037e-38
8.028630047213584476e+03,1.687199185789007186e-18,7.963458157855029260e-39
8.029855528321947531e+03,1.625053315718991117e-18,7.503328648614885576e-39
8.031092819091230922e+03,1.803070647527003165e-18,7.584967906167329400e-39
8.032229471545964770e+03,1.672215516324696037e-18,7.715983646916058058e-39
8.033366124000698619e+03,1.667509148916952975e-18,7.333416328461229001e-39
8.034603300976200444e+03,1.768979986040817127e-18,6.389329720009602497e-39
8.035828846093565517e+03,1.844422644295150932e-18,9.579060382374196235e-39
8.037054462332044750e+03,1.842512421630771376e-18,6.191327743782138699e-39
8.038291617971211963e+03,1.559649717071696797e-18,6.783069116320881447e-39
8.039428270425945811e+03,1.772517912373158162e-18,5.905738298620533021e-39
8.040564922880679660e+03,1.698030410297005099e-18,5.294902437018231044e-39
8.041801964726065307e+03,1.624992600778810490e-18,5.633913254613029597e-39
8.043027644973546558e+03,1.802558918476134958e-18,6.805410137807552239e-39
8.044253396342141968e+03,1.594088197393523063e-18,6.355965272915275490e-39
8.045490416851193004e+03,1.658531206286012333e-18,6.250234153883253640e-39
8.046627069305926852e+03,1.797073501785107958e-18,6.583845269765198622e-39
8.047763721760660701e+03,1.760863022462753382e-18,9.405357624488295492e-39
8.049000628475930171e+03,1.914486417186016711e-18,6.697376568936348258e-39
8.050177332850098537e+03,1.753520281806210030e-18,8.087288016359852775e-39
8.051452330352238278e+03,1.726336288456295473e-18,8.653000189572227756e-39
8.052689215731174045e+03,1.781066533518966686e-18,9.979308380772670998e-39
8.053825868185907893e+03,1.889297572106891555e-18,8.241279517310296308e-39
8.054962520640641742e+03,1.814344718353257590e-18,5.431514599586937802e-39
8.056199292225795034e+03,1.592705382254970476e-18,5.285891732559352990e-39
8.057425242733508640e+03,1.800715816550260392e-18,7.000902103894748607e-39
8.058651264362335496e+03,1.846679657241735599e-18,6.106518609519645044e-39
8.059888014611155086e+03,1.837025109075255847e-18,8.401797043456499423e-39
8.061024667065888934e+03,1.643109813116949384e-18,1.141752515292731891e-38
8.062161319520622783e+03,1.758756074596604788e-18,1.186118418447883298e-38
8.063397955975660807e+03,1.962226371580359499e-18,7.436526124652334638e-39
8.064624041613489680e+03,1.853640140316748823e-18,6.782233886424835692e-39
8.065850198372432715e+03,1.630044859342560913e-18,5.923440651558889846e-39
8.067086813491136127e+03,1.778920453323008789e-18,5.963764013597400216e-39
8.068223465945869975e+03,1.824876310763945872e-18,6.313602886523263620e-39
8.069360118400603824e+03,1.834932293114285476e-18,8.235575618519883477e-39
8.070596619725525670e+03,1.869218518849491077e-18,5.613107468741011006e-39
8.071822840493470721e+03,1.637080180190443820e-18,5.896707650144436012e-39
8.073049132382529024e+03,1.682433416440211771e-18,7.633302556803433414e-39
8.074285612371117168e+03,1.732336247746193234e-18,5.882669989348112295e-39
8.075422264825851016e+03,1.844414579914560063e-18,6.502443247340626414e-39
8.076558917280584865e+03,1.756243316771489291e-18,7.740286826644861803e-39
8.077795283475390534e+03,1.757803808486729623e-18,6.215880522680969310e-39
8.079021639373451762e+03,1.749459612581017544e-18,5.842628406358846669e-39
8.080248066392626242e+03,1.764846821059196296e-18,7.051993788001102535e-39
8.081484411251098209e+03,1.859697986742090881e-18,7.497005892015500500e-39
8.082621063705832057e+03,1.768579966815763016e-18,7.006121118781671484e-39
8.083757716160565906e+03,1.759345115249623045e-18,6.244021625142027652e-39
8.084993947225256306e+03,1.824161648787843623e-18,7.350460110181783946e-39
8.086220438253432803e+03,1.730779978231976129e-18,8.749859324216747997e-39
8.087447000402723461e+03,1.987217321719672614e-18,6.698936424868467537e-39
8.088683210131079250e+03,1.758281807793360244e-18,6.922810454747483023e-39
8.089819862585813098e+03,1.749046121968571738e-18,6.853136440535497749e-39
8.090956515040546947e+03,1.891524938742400041e-18,6.169331233315900431e-39
8.092192610975121170e+03,1.795631875607397034e-18,6.862734125097010712e-39
8.093419237133413844e+03,1.721542361937632415e-18,6.228762647539246882e-39
8.094645934412820679e+03,1.790439898573546712e-18,8.626987858487056564e-39
8.095882009011060291e+03,1.924296067909634010e-18,6.370112599246073156e-39
8.097018661465794139e+03,1.954216390372309310e-18,5.081104527764373266e-39
8.098155313920527988e+03,1.891913592788159174e-18,6.458525516690723102e-39
8.099391274724986033e+03,2.031209327154296372e-18,4.941370781619175280e-39
8.100618036013394885e+03,1.562722066454142068e-18,8.398548366712505110e-39
8.101844868422916988e+03,1.749579812882532299e-18,9.120112375734872486e-39
8.103080807891041331e+03,1.759105118661276663e-18,7.334699146398233387e-39
8.104217460345775180e+03,1.690981203846247909e-18,7.718339220765760965e-39
8.105354112800509029e+03,1.833271850318489930e-18,9.301402927354275261e-39
8.106589938474850896e+03,1.712587209963648431e-18,6.137962865109631798e-39
8.107816834893375926e+03,1.958940084681219265e-18,6.569549212747690301e-39
8.109043802433014207e+03,2.024368666433540366e-18,6.058476695572944069e-39
8.110279606771022372e+03,2.055810081697035353e-18,7.903918121580113284e-39
8.111416259225756221e+03,1.740660232356271571e-18,9.398632312037937153e-39
8.112615518788174086e+03,2.025174164796570825e-18,1.113345023565233703e-38
8.113788602224716669e+03,1.952018485769559708e-18,4.510053907883171112e-39
8.115015633773356967e+03,1.919484477746072790e-18,4.780195547749250177e-39
8.116242736443111426e+03,1.880456099660745577e-18,6.097414951670127750e-39
8.117478405651003413e+03,1.830503371482549818e-18,5.663055333195761524e-39
8.118615058105737262e+03,2.041707222037244807e-18,6.965331252392416929e-39
8.119751710560471111e+03,2.185019457068267114e-18,5.954624097646179994e-39
8.120987265974581533e+03,1.999969299581947971e-18,4.791344152817596769e-39
8.122214432653338008e+03,2.091941264947104843e-18,4.924496932176602598e-39
8.123441670453207735e+03,1.939940615995312601e-18,6.067484483232587279e-39
8.124677204530984454e+03,1.839845187639384382e-18,6.248910732589592933e-39
8.125813856985718303e+03,2.101906876715951846e-18,5.095074872855967617e-39
8.126950509440452151e+03,1.967654821459417765e-18,5.978787720363439574e-39
8.128185929724446396e+03,2.087468793736562975e-18,4.714581334326656866e-39
8.129413231533319049e+03,1.937601080375321524e-18,7.281231936247466268e-39
8.130640604463304953e+03,1.885282030639907431e-18,6.249749399504162751e-39
8.131876003410965495e+03,2.078596420880731778e-18,5.545059583874752867e-39
8.133012655865699344e+03,2.443129736814642411e-18,6.473436693669389271e-39
8.134149308320433192e+03,1.931700973893144256e-18,8.730919701082049418e-39
8.135384593474312169e+03,2.123718419290821433e-18,5.256502753473049476e-39
8.136612030413300090e+03,2.140846963063663086e-18,5.575880486151120030e-39
8.137839538473402172e+03,2.042392278203918552e-18,6.109209389111571350e-39
8.139074802290946536e+03,1.966477886632664348e-18,7.801910015091018825e-39
8.140211454745680385e+03,1.967379555448674052e-18,9.166671817802860950e-39
8.141348107200414233e+03,2.147504012523387876e-18,7.278035981915143278e-39
8.142583257224177032e+03,2.075982777164270344e-18,4.872285002463629814e-39
8.143810829293281131e+03,2.284427862434023965e-18,7.192753500830975914e-39
8.145038472483499390e+03,1.933395862682008170e-18,6.855853109400680656e-39
8.146273601170927577e+03,2.297804999009781656e-18,5.935640738288764493e-39
8.147410253625661426e+03,2.286982572060278094e-18,7.269290591076192149e-39
8.148546906080395274e+03,2.067047562848971039e-18,6.203107489261508936e-39
8.149781920974041896e+03,2.122299196173984194e-18,4.936225821950924607e-39
8.151009628173262172e+03,2.272568053346321559e-18,5.579401380438667710e-39
8.152237406493595699e+03,2.286050902095379543e-18,6.444064996372610596e-39
8.153472400050908618e+03,2.191423456974452555e-18,6.534597521597621623e-39
8.154609052505642467e+03,2.352180200936624691e-18,5.827739151020804015e-39
8.155745704960376315e+03,2.366741883498457524e-18,5.887175403580600574e-39
8.156980584723906759e+03,2.389609853694896855e-18,4.600631847216232774e-39
8.158208427053243213e+03,2.464296293569681770e-18,6.291785975692613516e-39
8.159436340503692918e+03,2.167981798234387745e-18,4.714770263040671531e-39
8.160671198930889659e+03,2.240781136946224722e-18,5.086122496720754044e-39
8.161807851385623508e+03,2.039818193350962075e-18,5.475758159924530037e-39
8.162944503840357356e+03,2.107036169311389330e-18,4.893911565104584580e-39
8.164179248473772532e+03,2.216406068185460978e-18,3.752958019333562605e-39
8.165407225933224254e+03,2.185515289095162525e-18,4.628029695133678269e-39
8.166635274513790137e+03,2.140578086325921255e-18,5.352910047655437764e-39
8.167869997810870700e+03,2.307459663107749611e-18,5.542489137508053960e-39
8.169006650265604549e+03,2.248483812583195861e-18,4.919397871286900576e-39
8.170143302720338397e+03,2.189209660592328211e-18,5.223848979961521043e-39
8.171377912223637395e+03,2.356363568211605066e-18,4.117041807619426657e-39
8.172606024813205295e+03,2.341640557715677499e-18,5.066134082730058675e-39
8.173834208523886446e+03,2.390190565479852240e-18,4.404221918157047499e-39
8.175068796690851741e+03,2.428225427247150273e-18,5.696670615265703406e-39
8.176205449145585590e+03,2.430379483458677066e-18,5.143540880113943600e-39
8.177342101600319438e+03,2.176951024351224497e-18,5.273000301337252041e-39
8.178576575973502258e+03,2.247766566218314311e-18,5.058530929190085884e-39
8.179804823693186336e+03,2.331163462382407831e-18,6.717614922363933329e-39
8.181033142533983664e+03,2.363655883074431013e-18,5.261592275223480828e-39
8.182267595570832782e+03,2.278708522721932114e-18,5.942766331263530363e-39
8.183404248025566631e+03,2.287545540815584748e-18,6.480957635870669478e-39
8.184638608604967885e+03,2.410843586251019056e-18,5.123428801080006461e-39
8.185866970118433528e+03,2.108071571047972057e-18,5.166952733091036726e-39
8.187003622573167377e+03,1.984745551182658371e-18,6.737780707354021243e-39
8.188232076544080883e+03,2.025730916585284565e-18,6.079322924150994928e-39
8.189466394450813823e+03,2.147608821214576146e-18,5.963032801976242185e-39
8.190603046905547671e+03,2.243926598893537697e-18,7.006180667233824524e-39
8.191837272354832749e+03,2.390983705560399963e-18,5.125113715608520555e-39
8.193065768998414569e+03,2.488291301619623048e-18,6.005288544909158795e-39
8.194202421453148418e+03,2.245754835048766826e-18,6.301781185285255632e-39
8.195431010554177192e+03,2.305060282841600594e-18,6.524970654599433685e-39
8.196665193330794864e+03,2.232664038551125458e-18,6.809450783942405754e-39
8.197801845785528712e+03,2.287501496555157671e-18,7.255067839229694327e-39
8.199035936104697612e+03,2.300420262634350651e-18,5.507734215139135288e-39
8.200264567878395610e+03,2.318277795849349526e-18,5.246003148034768390e-39
8.201401220333129459e+03,2.163986377304408410e-18,6.015434304383367052e-39
8.202629944564274410e+03,2.268896015841631550e-18,5.092788722151955488e-39
8.203863992210775905e+03,2.254307814265419625e-18,5.998212709555044085e-39
8.205000644665509753e+03,2.131750287558281408e-18,7.423842033939735901e-39
8.206234599854562475e+03,2.495630612109906409e-18,4.756168537606057669e-39
8.207463366758376651e+03,2.045814830133971455e-18,5.424322496251506602e-39
8.208600019213110500e+03,2.147833556440190591e-18,4.715875090891808600e-39
8.209828878574371629e+03,2.052802089330267011e-18,5.004320956093191136e-39
8.211062791090756946e+03,2.318980672849672623e-18,6.431105262260960059e-39
8.212199443545490794e+03,2.246786834086553748e-18,7.787871455240999185e-39
8.213433263604429158e+03,2.110594844234324317e-18,5.684675758490599325e-39
8.214662165638357692e+03,2.095627370295471766e-18,6.822919358858104178e-39
8.215798818093091541e+03,2.220608252931290962e-18,7.731614957313794696e-39
8.217027812584468847e+03,2.093431546746790218e-18,4.960019521659049891e-39
8.218261589970737987e+03,2.182755498552807909e-18,6.823543515379827921e-39
8.219398242425471835e+03,2.113016713538795567e-18,6.234922147428873026e-39
8.220631927354294021e+03,2.034264118740049001e-18,4.357497245381680970e-39
8.221860964518338733e+03,2.193735378841759920e-18,5.348256791008399302e-39
8.222997616973072581e+03,1.840816481110826057e-18,6.232152464869666516e-39
8.224226746594566066e+03,2.127656853236722686e-18,5.276659365217459913e-39
8.225460388850719028e+03,2.103880098332521572e-18,5.450445962202678625e-39
8.226597041305452876e+03,1.781367294285257053e-18,5.605063820916152022e-39
8.227830591104158884e+03,1.833739427365179645e-18,5.575509771208495138e-39
8.229059763398319774e+03,1.996760400003478262e-18,5.255625374741669750e-39
8.230196415853053622e+03,1.916628716005273520e-18,5.148569356391310710e-39
8.231425680604663285e+03,1.706082523421815866e-18,5.226152708275621864e-39
8.232659187730700069e+03,1.867232528679620123e-18,6.963673422770346705e-39
8.233795840185433917e+03,1.835456191254081667e-18,7.331855099254211440e-39
8.235029254854023748e+03,1.859300445497036863e-18,4.550862565479134646e-39
8.236258562278300815e+03,2.020802630070182501e-18,4.947535956395966894e-39
8.237395214733034663e+03,1.831118058821025805e-18,7.010266585849057851e-39
8.238624614614758684e+03,1.938058646064509490e-18,5.874624406615943025e-39
8.239857986610681110e+03,1.886461846442853381e-18,8.176090266266115550e-39
8.240994639065414958e+03,1.805657354220653183e-18,5.750183208491227600e-39
8.242227918603888611e+03,1.849881127720669792e-18,5.476141492342168314e-39
8.243457361158281856e+03,2.060164950730181626e-18,5.205846375495400545e-39
8.244594013613015704e+03,1.941346327014930537e-18,5.825675217600259859e-39
8.245823548624855903e+03,2.009882709878865558e-18,6.546014072748845551e-39
8.247056785490662151e+03,1.782078193137492091e-18,5.200964082933109970e-39
8.248193437945395999e+03,1.920084952735906826e-18,6.538938217903457162e-39
8.249426582353753474e+03,1.986416978954813319e-18,4.569815854979373947e-39
8.250656160038262897e+03,1.830512235409947642e-18,7.460400147251725531e-39
8.251792812492996745e+03,1.841107410980813934e-18,7.351904407654475709e-39
8.253022482634953121e+03,2.123072114791949435e-18,5.380102230374140222e-39
8.254255584370643192e+03,1.971973795505866651e-18,7.798382309897378001e-39
8.255392236825377040e+03,1.963029781993539753e-18,6.495589437858624683e-39
8.256625246103618338e+03,1.642924979968439880e-18,6.872625937759155745e-39
8.257854958918243938e+03,1.789798302126679449e-18,8.030012528994083479e-39
8.258991611372977786e+03,1.822016715907393737e-18,6.006654526790713381e-39
8.260221416645050340e+03,1.817702650899421745e-18,5.516339244537569949e-39
8.261454383250624232e+03,1.958726484810246371e-18,4.725624374461792238e-39
8.262591035705358081e+03,1.840025921236129234e-18,6.513523824475923951e-39
8.263823909853485020e+03,1.806506785016880146e-18,5.558267538405565648e-39
8.265053757798224979e+03,1.856901579915852287e-18,6.355129934129290710e-39
8.266190410252958827e+03,1.989079898247909291e-18,8.350279868339038493e-39
8.267420350655147558e+03,1.712614222542996712e-18,5.968017199597723071e-39
8.268653182130605273e+03,1.892118616365373978e-18,7.849116736448960413e-39
8.269789834585339122e+03,1.793872745640607071e-18,5.231291036743898371e-39
8.271022573603349883e+03,1.879720349193631106e-18,5.433106344208544157e-39
8.272252556678206020e+03,1.972744150788642741e-18,5.832347883378339848e-39
8.273389209132939868e+03,1.794422116703831473e-18,6.885398506983699377e-39
8.274619284665244777e+03,1.722480418691141192e-18,6.792288407212676877e-39
8.275851981010586314e+03,1.721734688432406982e-18,6.697717172234176502e-39
8.276988633465320163e+03,1.818242128655368162e-18,8.315459451078912966e-39
8.278221237353214747e+03,1.696729624982461494e-18,8.058681961934501340e-39
8.279451355558187061e+03,1.590744567216690108e-18,7.744046540688670704e-39
8.280588008012920909e+03,1.557340598656577663e-18,1.663415789588754301e-38
8.281818218675341996e+03,1.846453649589907861e-18,8.967642453364805430e-39
8.283050779890567355e+03,1.463445668941134495e-18,8.927382720120081242e-39
8.284187432345301204e+03,1.981422630984159811e-18,7.239126663379803949e-39
8.285419901103079610e+03,1.846226203633228248e-18,7.465654769561494916e-39
8.286670617081523233e+03,1.622167869349036323e-18,7.878013473674872755e-39
8.287786806892901950e+03,1.563243644931649073e-18,2.200311198375405026e-38
8.289017152685437395e+03,1.630149754656906381e-18,1.355153868914401254e-38
8.290249578770548396e+03,1.949364381085622449e-18,1.123501935993558971e-38
8.291386231225282245e+03,1.830819546005624227e-18,4.664213156126656522e-39
8.292618564852944473e+03,1.701974771999110508e-18,4.931295508299335189e-39
8.293848953318149142e+03,1.870788403376247151e-18,7.505587673608342937e-39
8.294985605772882991e+03,1.873993651594000294e-18,9.861172549270075239e-39
8.296122258227616840e+03,1.782989538409470873e-18,1.037168755066962956e-38
8.297448377650529437e+03,1.799325972514419120e-18,1.518390851844944801e-38
8.298585030105263286e+03,1.584387569389155822e-18,2.161416567131997445e-38
8.299817228602809337e+03,1.881058748021768406e-18,1.102007597215308502e-38
8.301143623264431881e+03,1.944720618824631094e-18,6.613737932287686796e-39
8.302184404652864032e+03,1.648851528507405238e-18,5.721942048690528738e-39
8.303415020705631832e+03,1.570787592539566118e-18,5.469473838602059189e-39
8.304647176530510478e+03,1.658240656420920509e-18,6.666805556636203553e-39
8.305783828985244327e+03,1.787824754457111960e-18,5.945886486665991301e-39
8.307015892352674200e+03,1.723629826502039947e-18,6.038501204006743854e-39
8.308246551078111224e+03,1.736139690721391825e-18,8.209441405711695679e-39
8.309383203532845073e+03,1.534817213227994205e-18,6.966935905944091571e-39
8.310613954715729051e+03,2.127018622312436296e-18,5.957125023840253273e-39
8.311752100713849359e+03,1.770182461420800280e-18,8.281146479117267466e-39
8.312982627865225368e+03,1.693668009683950847e-18,5.629487227152760739e-39
8.314214556102540882e+03,1.681588980496713494e-18,6.317707662064244132e-39
8.315445349958092265e+03,1.838103780660560474e-18,8.268360561453206391e-39
8.316582002412826114e+03,1.546226915901612173e-18,5.229150662539442498e-39
8.317812888725826269e+03,1.660625053543735353e-18,5.262616784433805113e-39
8.319044774290472560e+03,1.685339524870289082e-18,7.017367508497864639e-39
8.320181426745206409e+03,1.691418951901533287e-18,6.943131309590794605e-39
8.321413219852405746e+03,1.549866088541792846e-18,4.928316209072825689e-39
8.322644148838073306e+03,1.682333234485231681e-18,5.736772841357327744e-39
8.323780801292807155e+03,1.564486328422094523e-18,7.491672825140800064e-39
8.325011822735923488e+03,1.655348020243401527e-18,4.601452306685343903e-39
8.326243573170453601e+03,1.613022666536459213e-18,5.706599883800477319e-39
8.327380225625187450e+03,1.714329139166092998e-18,6.671229754232488327e-39
8.328611883602270609e+03,1.707817727620228237e-18,4.573592274893807787e-39
8.329842947718054347e+03,1.673385723212981418e-18,6.184376464230666096e-39
8.330979600172788196e+03,1.827745146756654374e-18,5.609234291586627080e-39
8.332210756746020706e+03,1.639797123968826474e-18,6.088138632390003947e-39
8.333442372050434642e+03,1.827348538693454556e-18,5.225326132295771197e-39
8.334579024505168491e+03,1.822029829616497268e-18,5.435856838036078153e-39
8.335810547352135472e+03,1.774954985840788580e-18,4.671199577855533159e-39
8.337041746598035388e+03,1.507570442047855399e-18,6.714173557850475652e-39
8.338178399052769237e+03,1.869046160514098340e-18,8.415003875059474497e-39
8.339409690756116106e+03,1.688372852727505695e-18,9.016130634172221433e-39
8.340641170930415683e+03,1.706182098125865221e-18,5.712900498014563951e-39
8.341683162088989775e+03,1.667606043325084133e-18,1.395343151937932760e-38
8.343040753962150120e+03,2.135079262884488686e-18,2.220946804667339721e-38
8.344240545478016429e+03,1.747911625300479800e-18,2.851283804089728523e-38
8.345358278617561155e+03,2.226624917181280985e-18,2.412078189105694344e-38
8.346798050839752250e+03,2.006324972286013307e-18,1.093870043167636440e-38
8.347896722777486502e+03,1.599564253421523620e-18,8.661263219039237582e-39
8.348976622265130572e+03,1.584460558878558002e-18,6.335378366900574770e-39
8.350207874851865199e+03,1.501104943817070870e-18,5.983392824718476386e-39
8.351439344357997470e+03,1.475696175872373804e-18,1.484891959466627483e-38
8.352575996812731319e+03,1.503469628969375831e-18,1.142552904742816393e-38
8.353807558776310543e+03,1.272109200421028557e-18,7.756337790320796317e-39
8.355038768690377765e+03,1.463969306583460519e-18,4.414615787313757126e-39
8.356175421145111613e+03,1.548998046639456231e-18,4.957026144776634907e-39
8.357406538601730063e+03,1.687555367901431102e-18,3.945278891632925708e-39
8.358638143237978511e+03,1.643354234865321668e-18,4.362385226935705298e-39
8.359774795692712360e+03,1.537177917239876692e-18,4.471888601222509584e-39
8.361006492786407762e+03,1.551008564684051770e-18,5.166952343896843924e-39
8.362237567570358806e+03,1.498653492437500712e-18,5.841168587710845932e-39
8.363374220025092654e+03,1.677577389908509400e-18,6.227312602838989926e-39
8.364605202351596745e+03,1.663022728038048070e-18,5.376976411098556955e-39
8.365836942117959552e+03,1.618990503206070378e-18,6.606694724067317447e-39
8.366973594572693401e+03,1.439332546110092265e-18,6.190949570236701468e-39
8.368205426796504980e+03,1.633668183319052849e-18,4.278851941821246525e-39
8.369436366450339847e+03,1.638878471797481444e-18,5.109719068547294558e-39
8.370573018905073695e+03,1.683112457448550981e-18,4.890611303081418535e-39
8.371803866101461608e+03,1.618456851338281198e-18,3.361282276163918968e-39
8.373035740997940593e+03,1.548304812699029391e-18,4.302715619682195933e-39
8.374172393452674442e+03,1.552422998485132702e-18,4.502676013293726785e-39
8.375404360806602199e+03,1.656852242493082171e-18,4.537221317072602778e-39
8.376635165330320888e+03,1.598086121606148234e-18,4.738248216523410346e-39
8.377771817785054736e+03,1.576530393252387302e-18,4.927241111980540458e-39
8.379002529851326472e+03,1.760405795358167933e-18,4.717687808641397214e-39
8.380234539877921634e+03,1.373867099395935755e-18,5.415039823711583754e-39
8.381371192332655482e+03,1.730616451948581078e-18,8.432546999543861319e-39
8.382571000443449520e+03,1.651733214778862022e-18,7.813559757025662641e-39
8.383833964210301929e+03,1.729890017513800638e-18,6.841875176528358780e-39
8.384970616665035777e+03,1.541662237443197906e-18,5.452535968117176938e-39
8.386201193601191335e+03,1.463630830561967610e-18,4.567188022539920591e-39
8.387433338757902675e+03,1.476991924005091219e-18,5.663414588231917731e-39
8.388569991212636523e+03,1.537588472671333000e-18,4.899285708425492769e-39
8.389802228826794817e+03,1.512437307922008788e-18,4.505561840043751254e-39
8.391032763090282970e+03,1.499778284425614044e-18,6.240703209155746465e-39
8.392169415545016818e+03,1.584988214432449061e-18,4.705477728663667929e-39
8.393399857351056198e+03,1.523142853190526326e-18,6.386959988556282850e-39
8.394632137637883716e+03,1.590014345704790479e-18,6.691866297761210797e-39
8.395768790092617564e+03,1.396053062659587298e-18,9.018302254823008853e-39
8.396905442547351413e+03,1.404384928991092007e-18,9.639278977157503330e-39
8.398231561970264011e+03,1.535131989204972186e-18,1.754109360591680579e-38
8.399461889982521825e+03,1.621460002289215682e-18,1.757061159625271548e-38
8.400787536450028711e+03,2.097150107022340475e-18,1.875927194609227994e-38
8.401830936517864757e+03,1.561526700949024086e-18,8.746215322748777200e-39
8.402967588972598605e+03,1.562412506345124619e-18,7.082759140340494416e-39
8.404200096846989254e+03,1.181744889963102757e-18,5.618598801867546641e-39
8.405430360850245052e+03,1.400488863012346638e-18,5.187653432592467898e-39
8.406660553732386688e+03,1.425554152240580589e-18,4.238257420164943593e-39
8.407893082943111949e+03,1.209255137825086761e-18,6.991743093301094733e-39
8.408891910439655476e+03,1.486763652015379958e-18,1.355320019542318730e-38
8.410080304473936849e+03,1.209177762251803501e-18,2.020155889091740080e-38
8.411399030857086473e+03,1.464410132006606469e-18,5.991156103388023355e-39
8.412629159730226093e+03,1.566737769425052845e-18,5.828909022416530896e-39
8.413859217482251552e+03,1.509377450368342217e-18,5.932984463658717634e-39
8.415091881823092990e+03,1.552783484832480372e-18,1.138187386350022150e-38
8.416228534277826839e+03,1.448933416333446930e-18,1.148368109874871446e-38
8.417365186732560687e+03,1.743757472861150946e-18,6.156806270758540705e-39
8.418597964867183691e+03,1.550499240372387269e-18,6.861530071516514534e-39
8.419827958610207133e+03,1.271088435526818599e-18,8.838154867528893540e-39
8.421057881232116415e+03,1.472950200117323788e-18,7.433473877020388451e-39
8.422290680703074031e+03,1.495760703653819065e-18,8.240361377193799138e-39
8.423427333157807880e+03,1.408568434884042542e-18,7.472895435750490408e-39
8.424563985612541728e+03,1.375525423826393441e-18,6.170895541241326095e-39
8.425796898877280910e+03,1.322638832708756347e-18,7.267069957412832073e-39
8.427026757490188174e+03,1.422728652510331567e-18,1.125256892909900275e-38
8.428066478462815212e+03,1.482382167567587111e-18,1.258646181501613176e-38
8.429489479583055072e+03,1.866840380197193299e-18,1.793941758687281673e-38
8.430567024250627583e+03,1.514750790842383193e-18,3.210977054627096627e-38
8.431952226568311744e+03,2.310636160512859864e-18,1.440617698272016104e-38
8.432991842992902093e+03,1.685655950298987051e-18,1.153832317406325014e-38
8.434225556370169215e+03,1.430499981762500007e-18,6.508159707083745915e-39
8.435455208731847961e+03,1.633758900753830243e-18,4.545597745666563282e-39
8.436688278463036113e+03,1.459644276363494453e-18,5.495942056258764060e-39
8.437824930917769962e+03,1.498335195118787243e-18,5.103159562886588232e-39
8.438961583372503810e+03,1.454520659398378560e-18,5.816302731618376695e-39
8.440194766897473528e+03,1.518503823870369162e-18,5.339074592002532547e-39
8.441424355250150256e+03,1.600788543101175295e-18,5.857388464052473908e-39
8.442653872481712824e+03,1.587500738338952797e-18,4.044233011983722768e-39
8.443887077343017154e+03,1.513842412196003384e-18,4.268183178164154227e-39
8.445023729797751002e+03,1.568018433796201954e-18,6.250111925295345212e-39
8.446160382252484851e+03,1.507780930050039543e-18,6.140316970068806823e-39
8.447393700907570746e+03,1.484704559127778973e-18,4.686606258266065725e-39
8.448623154130131297e+03,1.384713112964311982e-18,4.246657082823358133e-39
8.449852536231577687e+03,1.605798832952221666e-18,4.472252819887701018e-39
8.451085876222998195e+03,1.343292927445902560e-18,9.221967243790923732e-39
8.452222528677732043e+03,1.491653174382121329e-18,1.267870868767104367e-38
8.453359181132465892e+03,1.601821484748617509e-18,8.560745347113579192e-39
8.454592634917667965e+03,1.440533392812600034e-18,6.064440042178827441e-39
8.455821953010112338e+03,1.564569140226877066e-18,6.284687585882567098e-39
8.457051199981442551e+03,1.437815577866592293e-18,4.648296911153646486e-39
8.458284675102979236e+03,1.544664444769156297e-18,5.536333030093508078e-39
8.459421327557713084e+03,1.626098858298984300e-18,5.735893269157354889e-39
8.460557980012446933e+03,1.482354141812768258e-18,7.226721742402164616e-39
8.461791568927765184e+03,1.612829350881649129e-18,6.270635237805942856e-39
8.463020751890093379e+03,1.468975806616249936e-18,6.147433612031331411e-39
8.464283682467093968e+03,1.286889674950988299e-18,2.034988148563697637e-38
8.465483473982960277e+03,1.604875842455302477e-18,1.754859091335980700e-38
8.466604393348396115e+03,2.037591568029655544e-18,1.330273200640314592e-38
8.467848268898129390e+03,1.504924311945476385e-18,6.207938227198080756e-39
8.468990502937862402e+03,1.443178891428135494e-18,4.752206981762344915e-39
8.470219550770074420e+03,1.461159520088555291e-18,5.786886057597126082e-39
8.471448527481172277e+03,1.436160678405893947e-18,4.803801896286910865e-39
8.472682272862941318e+03,1.576119002042088367e-18,6.704056165523210893e-39
8.473818925317675166e+03,1.432964153135161553e-18,4.195659879002336188e-39
8.474955577772409015e+03,1.469433698053305191e-18,6.776814759303437584e-39
8.476189436947959621e+03,1.294485269259037715e-18,4.984822371798567092e-39
8.477418349650055461e+03,1.536464819906601758e-18,4.570401148616931418e-39
8.478647191231038960e+03,1.544530726730106635e-18,4.630327172883749006e-39
8.479881071742922359e+03,1.509774427262864700e-18,6.379849065488815567e-39
8.481017724197656207e+03,1.688589325611611588e-18,4.691036943695127737e-39
8.482154376652390056e+03,1.578108736535082726e-18,5.027389078741770309e-39
8.483388370958056839e+03,1.688990043930691503e-18,4.159644907758324582e-39
8.484617148530036502e+03,1.675542422362745736e-18,5.519268430897515669e-39
8.485753800984770351e+03,1.491602615553775741e-18,7.066610891699721594e-39
8.487003893554508977e+03,1.499200369050996626e-18,2.060202941799103459e-38
8.488140695363581472e+03,1.365944447044798218e-18,2.076544537145991578e-38
8.489277497172653966e+03,1.372344361314436294e-18,2.191504727475673615e-38
8.490603765949905210e+03,1.108909439075015729e-18,1.593806652615071870e-38
8.491930034727156453e+03,1.452091743816364672e-18,2.513487646867918357e-38
8.493066836536228948e+03,1.724676524716082084e-18,2.685455666817947058e-38
8.494203638345301442e+03,1.282954477364199175e-18,2.456657221123104791e-38
8.495340440154373937e+03,1.105950554795036545e-18,2.347631494173522257e-38
8.496477241963446431e+03,1.407485126217541676e-18,2.374371491119859429e-38
8.497803510740697675e+03,1.370281773152329737e-18,1.430867427424796184e-38
8.499129779517948919e+03,1.185475796412931287e-18,1.822221374599769220e-38
8.500266581327021413e+03,1.426623577625046934e-18,2.206454863831924833e-38
8.501403383136093908e+03,1.269550169229863493e-18,2.305911273090269953e-38
8.502540184945166402e+03,1.327655117370049138e-18,2.255242521411725758e-38
8.503676986754238897e+03,1.163604207282696994e-18,3.636944360703934185e-38
8.505003255531490140e+03,1.485305875746715324e-18,2.539311928977493855e-38
8.506329524308741384e+03,1.140167761330647474e-18,2.611048668329426949e-38
8.507466326117813878e+03,1.370841622723048287e-18,1.994072317994000424e-38
8.508603127926886373e+03,1.435015457020412157e-18,2.028361050863717075e-38
8.509739929735958867e+03,1.361720450359603319e-18,1.997279682978640300e-38
8.510876731545031362e+03,1.549498524498672140e-18,2.233826753314273726e-38
8.512251444575986170e+03,1.682885282049053917e-18,4.402730982643097477e-39
8.513412344049960666e+03,1.705748641855194463e-18,3.529931418839784495e-39
8.514640509980363277e+03,1.720801002385994757e-18,3.492031934528162774e-39
8.515875066142827563e+03,1.625937804843446133e-18,4.131447490646029971e-39
8.517011718597561412e+03,1.782477104106758681e-18,3.857238320749423724e-39
8.518148371052295261e+03,1.741071748275618475e-18,4.324528392651354827e-39
8.519383041008541113e+03,1.575973244246677848e-18,3.635784485075959649e-39
8.520611142929941707e+03,1.538575401728370972e-18,3.738735785593587006e-39
8.521839173730228140e+03,1.570872669423359441e-18,4.105463577683639999e-39
8.523073865022808604e+03,1.466772798440421602e-18,3.638829611871860313e-39
8.524210517477542453e+03,1.570124982806272510e-18,3.722553247145492259e-39
8.525347169932276302e+03,1.478881484713922596e-18,3.884649058219715055e-39
8.526581975018638332e+03,1.667757922020114010e-18,3.535716091731512530e-39
8.527809941809922748e+03,1.530891793528878732e-18,4.000451055440579620e-39
8.529037837480094822e+03,1.549669951219871045e-18,3.323321599479553366e-39
8.530272663902789645e+03,1.617959952381967664e-18,3.531854753183974891e-39
8.531409316357523494e+03,1.482188391428369618e-18,3.914219041640477037e-39
8.532545968812257343e+03,1.414347857148925496e-18,3.937097779350832498e-39
8.533780909028735550e+03,1.510493592197355503e-18,3.523527612479773806e-39
8.535008740689903789e+03,1.347758912907422077e-18,3.256878870673703803e-39
8.536236501229959686e+03,1.421401924685803852e-18,3.355167686775937163e-39
8.537471462782770686e+03,1.553408938327519443e-18,5.793328609060485947e-39
8.538608115237504535e+03,1.576046117593245281e-18,5.143815260787284038e-39
8.539744767692238383e+03,1.714286477515634609e-18,4.793439043413004347e-39
8.540979843038830950e+03,1.476341585228790617e-18,4.868272426556389943e-39
8.542207539569884830e+03,1.550620359348738991e-18,3.859703390768114625e-39
8.543435164979824549e+03,1.733811993844910753e-18,3.315986667744706839e-39
8.544670261662751727e+03,1.834152414703962717e-18,4.448585055150703907e-39
8.545806914117485576e+03,1.492352781271693904e-18,5.749656827926796585e-39
8.546943566572219424e+03,1.708783300767501780e-18,4.584059291806743616e-39
8.548269685995132022e+03,1.478290247736730721e-18,8.288341252706212545e-39
8.549406338449865871e+03,1.818588662367531094e-18,6.970788364878410035e-39
8.550633828729689412e+03,1.455700087927979054e-18,4.911038314534853159e-39
8.551869060542732768e+03,1.741850485258930901e-18,3.897757868274968611e-39
8.553005712997466617e+03,1.595601342383174332e-18,5.746733845441601214e-39
8.554142365452200465e+03,1.569151494536814757e-18,4.613163463864552686e-39
8.555377711059025387e+03,1.486594010682723652e-18,3.788418818897919503e-39
8.556605137329846912e+03,1.626297638013731050e-18,5.042634461704928031e-39
8.557832492479554276e+03,1.581307220428181884e-18,2.914555649632556996e-39
8.559067859422713809e+03,1.580767078012456947e-18,3.627085022274285699e-39
8.560204511877447658e+03,1.600044507412721199e-18,3.364121254906907518e-39
8.561341164332181506e+03,1.423870020844332659e-18,3.899683711380836595e-39
8.562576645069122605e+03,1.485526995807912283e-18,4.054016465797436063e-39
8.563803936209827953e+03,1.575855656517670519e-18,3.744924019957158254e-39
8.565031156229419139e+03,1.528992342695545019e-18,3.285785504148896865e-39
8.566266658302694850e+03,1.478647145945268997e-18,5.448301191553014047e-39
8.567403310757428699e+03,1.345467605902348958e-18,4.938502731424714298e-39
8.568539963212162547e+03,1.573289708098913014e-18,4.619939455053181362e-39
8.569775579079219824e+03,1.521228941420069656e-18,3.772074809531926239e-39
8.571002735089808994e+03,1.586604662268285892e-18,4.968753490717467088e-39
8.572229819979284002e+03,1.517215309696112012e-18,3.707664442023217679e-39
8.573403036767915182e+03,1.482030119624313735e-18,4.380074788700157027e-39
8.574602109637409740e+03,1.594612825704099988e-18,3.529357735327463635e-39
8.575738762092143588e+03,1.594162376640220581e-18,3.157396890794790314e-39
8.576974513089317043e+03,1.631125058520539091e-18,4.120201534368917901e-39
8.578201533969790034e+03,1.578262927274548443e-18,5.089958602111744193e-39
8.579428483729150685e+03,1.592269821408874482e-18,3.868260048244797321e-39
8.580664256062656932e+03,1.724610811359245571e-18,4.416653008239712312e-39
8.581800908517390781e+03,1.559317329505259580e-18,4.409242128879546603e-39
8.582937560972124629e+03,1.570937166298392410e-18,4.462889949156237882e-39
8.584074213426858478e+03,1.707978952221663145e-18,3.873187464106841139e-39
8.585242407286837988e+03,1.667823667066432168e-18,5.403624543797178498e-39
8.586599868975878053e+03,1.650246258484998530e-18,5.324388276941784453e-39
8.587925789259672456e+03,1.500533570669485629e-18,9.282218408600736612e-39
8.589062292360067659e+03,1.648930625613923314e-18,7.352790423998428533e-39
8.590198795460462861e+03,1.625986682719031547e-18,8.354801194023823869e-39
8.591335298560858064e+03,1.615310811612636449e-18,6.025171201284367449e-39
8.592471801661253267e+03,1.687778605720461943e-18,4.511637176969277598e-39
8.593797721945047670e+03,1.502207077796056389e-18,3.207420360159456285e-39
8.595123642228842073e+03,1.588437634107526536e-18,4.019117776007186747e-39
8.596260145329237275e+03,1.719374523182463040e-18,7.850556707113829783e-39
8.597396648429632478e+03,1.732747454026439023e-18,7.339463887100386598e-39
8.598533151530027681e+03,1.660238231824057184e-18,1.060428777051818198e-38
8.599669654630422883e+03,1.537286798388693851e-18,5.344894890355859741e-39